0
0
0.043046
0.043764
0.044482
0.045198
0.045914
0.04663
0.047345
0.048059
0.048773
0.049486
0.050198
0.05091
0.051621
0.052331
0.053041
0.053751
0.054459
0.055167
0.055875
0.056582
0.057288
0.057993
0.058698
0.059403
0.060106
0.06081
0.061512
0.062214
0.062915
0.063616
0.064316
0.065016
0.065715
0.066413
0.067111
0.067808
0.068504
0.0692
0.069895
0.07059
0.071284
0.071977
0.07267
0.073363
0.074054
0.074745
0.075436
0.076126
0.076815
0.077504
0.078192
0.078879
0.079566
0.080253
0.080939
0.081624
0.082308
0.082992
0.083676
0.084359
0.085041
0.085722
0.086404
0.087084
0.087764
0.088443
0.089122
0.0898
0.090478
0.091155
0.091831
0.092507
0.093182
0.093857
0.094531
0.095205
0.095878
0.09655
0.097222
0.097893
0.098564
0.099234
0.099904
0.10057
0.10124
0.10191
0.10258
0.10324
0.10391
0.10458
0.10524
0.1059
0.10657
0.10723
0.1079
0.10856
0.10922
0.10988
0.11054
0.1112
0.11186
0.11252
0.11318
0.11384
0.11449
0.11515
0.11581
0.11646
0.11712
0.11777
0.11843
0.11908
0.11973
0.12038
0.12104
0.12169
0.12234
0.12299
0.12364
0.12429
0.12494
0.12558
0.12623
0.12688
0.12753
0.12817
0.12882
0.12946
0.13011
0.13075
0.13139
0.13204
0.13268
0.13332
0.13396
0.1346
0.13524
0.13588
0.13652
0.13716
0.1378
0.13844
0.13907
0.13971
0.14035
0.14098
0.14162
0.14225
0.14288
0.14352
0.14415
0.14478
0.14542
0.14605
0.14668
0.14731
0.14794
0.14857
0.1492
0.14983
0.15045
0.15108
0.15171
0.15233
0.15296
0.15359
0.15421
0.15484
0.15546
0.15608
0.15671
0.15733
0.15795
0.15857
0.15919
0.15981
0.16043
0.16105
0.16167
0.16229
0.16291
0.16353
0.16414
0.16476
0.16538
0.16599
0.16661
0.16722
0.16784
0.16845
0.16906
0.16968
0.17029
0.1709
0.17151
0.17212
0.17274
0.17335
0.17395
0.17456
0.17517
0.17578
0.17639
0.177
0.1776
0.17821
0.17882
0.17942
0.18003
0.18063
0.18124
0.18184
0.18244
0.18305
0.18365
0.18425
0.18485
0.18545
0.18605
0.18665
0.18725
0.18785
0.18845
0.18905
0.18965
0.19025
0.19084
0.19144
0.19204
0.19263
0.19323
0.19382
0.19442
0.19501
0.1956
0.1962
0.19679
0.19738
0.19798
0.19857
0.19916
0.19975
0.20034
0.20093
0.20152
0.20211
0.2027
0.20328
0.20387
0.20446
0.20505
0.20563
0.20622
0.20681
0.20739
0.20798
0.20856
0.20915
0.20973
0.21031
0.2109
0.21148
0.21206
0.21264
0.21322
0.21381
0.21439
0.21497
0.21555
0.21613
0.21671
0.21728
0.21786
0.21844
0.21902
0.2196
0.22017
0.22075
0.22133
0.2219
0.22248
0.22305
0.22363
0.2242
0.22478
0.22535
0.22592
0.2265
0.22707
0.22764
0.22821
0.22878
0.22935
0.22993
0.2305
0.23107
0.23164
0.23221
0.23277
0.23334
0.23391
0.23448
0.23505
0.23561
0.23618
0.23675
0.23731
0.23788
0.23845
0.23901
0.23958
0.24014
0.2407
0.24127
0.24183
0.2424
0.24296
0.24352
0.24408
0.24465
0.24521
0.24577
0.24633
0.24689
0.24745
0.24801
0.24857
0.24913
0.24969
0.25025
0.25081
0.25137
0.25192
0.25248
0.25304
0.2536
0.25415
0.25471
0.25527
0.25582
0.25638
0.25693
0.25749
0.25804
0.2586
0.25915
0.2597
0.26026
0.26081
0.26136
0.26192
0.26247
0.26302
0.26357
0.26413
0.26468
0.26523
0.26578
0.26633
0.26688
0.26743
0.26798
0.26853
0.26908
0.26963
0.27018
0.27073
0.27128
0.27182
0.27237
0.27292
0.27347
0.27401
0.27456
0.27511
0.27565
0.2762
0.27675
0.27729
0.27784
0.27838
0.27893
0.27947
0.28002
0.28056
0.28111
0.28165
0.28219
0.28274
0.28328
0.28382
0.28437
0.28491
0.28545
0.28599
0.28654
0.28708
0.28762
0.28816
0.2887
0.28924
0.28978
0.29032
0.29087
0.29141
0.29195
0.29249
0.29303
0.29356
0.2941
0.29464
0.29518
0.29572
0.29626
0.2968
0.29734
0.29788
0.29841
0.29895
0.29949
0.30003
0.30056
0.3011
0.30164
0.30218
0.30271
0.30325
0.30379
0.30432
0.30486
0.30539
0.30593
0.30647
0.307
0.30754
0.30807
0.30861
0.30914
0.30968
0.31021
0.31075
0.31128
0.31182
0.31235
0.31289
0.31342
0.31395
0.31449
0.31502
0.31556
0.31609
0.31662
0.31716
0.31769
0.31822
0.31876
0.31929
0.31982
0.32036
0.32089
0.32142
0.32195
0.32249
0.32302
0.32355
0.32408
0.32462
0.32515
0.32568
0.32621
0.32674
0.32728
0.32781
0.32834
0.32887
0.3294
0.32994
0.33047
0.331
0.33153
0.33206
0.33259
0.33313
0.33366
0.33419
0.33472
0.33525
0.33578
0.33631
0.33685
0.33738
0.33791
0.33844
0.33897
0.3395
0.34003
0.34056
0.3411
0.34163
0.34216
0.34269
0.34322
0.34375
0.34428
0.34482
0.34535
0.34588
0.34641
0.34694
0.34747
0.348
0.34854
0.34907
0.3496
0.35013
0.35066
0.35119
0.35173
0.35226
0.35279
0.35332
0.35385
0.35439
0.35492
0.35545
0.35598
0.35652
0.35705
0.35758
0.35811
0.35865
0.35918
0.35971
0.36024
0.36078
0.36131
0.36184
0.36238
0.36291
0.36344
0.36398
0.36451
0.36505
0.36558
0.36611
0.36665
0.36718
0.36772
0.36825
0.36879
0.36932
0.36986
0.37039
0.37093
0.37146
0.372
0.37253
0.37307
0.37361
0.37414
0.37468
0.37522
0.37575
0.37629
0.37683
0.37736
0.3779
0.37844
0.37898
0.37951
0.38005
0.38059
0.38113
0.38167
0.38221
0.38275
0.38329
0.38383
0.38437
0.38491
0.38545
0.38599
0.38653
0.38707
0.38761
0.38815
0.38869
0.38924
0.38978
0.39032
0.39086
0.39141
0.39195
0.39249
0.39304
0.39358
0.39413
0.39467
0.39522
0.39576
0.39631
0.39685
0.3974
0.39794
0.39849
0.39904
0.39959
0.40013
0.40068
0.40123
0.40178
0.40233
0.40288
0.40343
0.40398
0.40453
0.40508
0.40563
0.40618
0.40673
0.40728
0.40784
0.40839
0.40894
0.4095
0.41005
0.4106
0.41116
0.41171
0.41227
0.41283
0.41338
0.41394
0.4145
0.41505
0.41561
0.41617
0.41673
0.41729
0.41785
0.41841
0.41897
0.41953
0.42009
0.42065
0.42121
0.42178
0.42234
0.4229
0.42347
0.42403
0.4246
0.42516
0.42573
0.4263
0.42686
0.42743
0.428
0.42857
0.42914
0.42971
0.43028
0.43085
0.43142
0.43199
0.43256
0.43313
0.43371
0.43428
0.43486
0.43543
0.43601
0.43658
0.43716
0.43774
0.43831
0.43889
0.43947
0.44005
0.44063
0.44121
0.44179
0.44238
0.44296
0.44354
0.44413
0.44471
0.44529
0.44588
0.44647
0.44705
0.44764
0.44823
0.44882
0.44941
0.45
0.45059
0.45118
0.45178
0.45237
0.45296
0.45356
0.45415
0.45475
0.45534
0.45594
0.45654
0.45714
0.45774
0.45834
0.45894
0.45954
0.46014
0.46075
0.46135
0.46196
0.46256
0.46317
0.46378
0.46438
0.46499
0.4656
0.46621
0.46683
0.46744
0.46805
0.46866
0.46928
0.46989
0.47051
0.47113
0.47175
0.47237
0.47298
0.47361
0.47423
0.47485
0.47547
0.4761
0.47672
0.47735
0.47798
0.4786
0.47923
0.47986
0.48049
0.48112
0.48176
0.48239
0.48302
0.48366
0.4843
0.48493
0.48557
0.48621
0.48685
0.48749
0.48814
0.48878
0.48942
0.49007
0.49072
0.49136
0.49201
0.49266
0.49331
0.49397
0.49462
0.49527
0.49593
0.49658
0.49724
0.4979
0.49856
0.49922
0.49988
0.50054
0.50121
0.50187
0.50254
0.50321
0.50388
0.50455
0.50522
0.50589
0.50656
0.50724
0.50791
0.50859
0.50927
0.50995
0.51063
0.51131
0.512
0.51268
0.51337
0.51405
0.51474
0.51543
0.51612
0.51682
0.51751
0.5182
0.5189
0.5196
0.5203
0.521
0.5217
0.5224
0.52311
0.52381
0.52452
0.52523
0.52594
0.52665
0.52736
0.52808
0.52879
0.52951
0.53023
0.53095
0.53167
0.53239
0.53312
0.53384
0.53457
0.5353
0.53603
0.53676
0.5375
0.53823
0.53897
0.53971
0.54045
0.54119
0.54193
0.54268
0.54342
0.54417
0.54492
0.54567
0.54642
0.54718
0.54794
0.54869
0.54945
0.55021
0.55098
0.55174
0.55251
0.55328
0.55405
0.55482
0.55559
0.55637
0.55714
0.55792
0.5587
0.55948
0.56027
0.56105
0.56184
0.56263
0.56342
0.56422
0.56501
0.56581
0.56661
0.56741
0.56821
0.56901
0.56982
0.57063
0.57144
0.57225
0.57307
0.57388
0.5747
0.57552
0.57635
0.57717
0.578
0.57882
0.57966
0.58049
0.58132
0.58216
0.583
0.58384
0.58468
0.58553
0.58638
0.58723
0.58808
0.58893
0.58979
0.59065
0.59151
0.59237
0.59323
0.5941
0.59497
0.59584
0.59672
0.59759
0.59847
0.59935
0.60024
0.60112
0.60201
0.6029
0.60379
0.60469
0.60559
0.60649
0.60739
0.6083
0.6092
0.61011
0.61103
0.61194
0.61286
0.61378
0.6147
0.61563
0.61655
0.61748
0.61842
0.61935
0.62029
0.62123
0.62217
0.62312
0.62407
0.62502
0.62597
0.62693
0.62789
0.62885
0.62982
0.63079
0.63176
0.63273
0.63371
0.63469
0.63567
0.63665
0.63764
0.63863
0.63962
0.64062
0.64162
0.64262
0.64363
0.64464
0.64565
0.64666
0.64768
0.6487
0.64972
0.65075
0.65178
0.65281
0.65385
0.65489
0.65593
0.65697
0.65802
0.65907
0.66013
0.66119
0.66225
0.66331
0.66438
0.66545
0.66653
0.6676
0.66868
0.66977
0.67086
0.67195
0.67304
0.67414
0.67524
0.67635
0.67746
0.67857
0.67968
0.6808
0.68193
0.68305
0.68418
0.68532
0.68645
0.68759
0.68874
0.68989
0.69104
0.6922
0.69336
0.69452
0.69569
0.69686
0.69803
0.69921
0.70039
0.70158
0.70277
0.70396
0.70516
0.70636
0.70757
0.70878
0.70999
0.71121
0.71243
0.71366
0.71489
0.71613
0.71736
0.71861
0.71985
0.72111
0.72236
0.72362
0.72489
0.72615
0.72743
0.7287
0.72999
0.73127
0.73256
0.73386
0.73516
0.73646
0.73777
0.73908
0.7404
0.74172
0.74305
0.74438
0.74571
0.74705
0.7484
0.74975
0.7511
0.75246
0.75383
0.7552
0.75657
0.75795
0.75933
0.76072
0.76212
0.76352
0.76492
0.76633
0.76774
0.76916
0.77058
0.77201
0.77345
0.77489
0.77633
0.77778
0.77924
0.7807
0.78216
0.78363
0.78511
0.78659
0.78808
0.78957
0.79107
0.79257
0.79408
0.7956
0.79712
0.79864
0.80017
0.80171
0.80326
0.8048
0.80636
0.80792
0.80949
0.81106
0.81264
0.81422
0.81581
0.81741
0.81901
0.82062
0.82223
0.82385
0.82548
0.82711
0.82875
0.83039
0.83204
0.8337
0.83536
0.83703
0.83871
0.84039
0.84208
0.84378
0.84548
0.84719
0.84891
0.85063
0.85236
0.85409
0.85584
0.85759
0.85934
0.86111
0.86288
0.86465
0.86644
0.86823
0.87003
0.87183
0.87364
0.87546
0.87729
0.87912
0.88096
0.88281
0.88467
0.88653
0.8884
0.89028
0.89216
0.89405
0.89595
0.89786
0.89978
0.9017
0.90363
0.90557
0.90752
0.90947
0.91143
0.9134
0.91538
0.91737
0.91936
0.92137
0.92338
0.9254
0.92742
0.92946
0.9315
0.93355
0.93561
0.93768
0.93976
0.94185
0.94394
0.94604
0.94815
0.95028
0.9524
0.95454
0.95669
0.95885
0.96101
0.96318
0.96537
0.96756
0.96976
0.97197
0.97419
0.97642
0.97866
0.98091
0.98316
0.98543
0.98771
0.98999
0.99229
0.99459
0.99691
0.99923
1.0016
1.0039
1.0063
1.0086
1.011
1.0134
1.0158
1.0182
1.0206
1.023
1.0255
1.0279
1.0304
1.0328
1.0353
1.0378
1.0403
1.0428
1.0453
1.0479
1.0504
1.053
1.0555
1.0581
1.0607
1.0633
1.0659
1.0685
1.0712
1.0738
1.0765
1.0791
1.0818
1.0845
1.0872
1.0899
1.0926
1.0954
1.0981
1.1009
1.1037
1.1065
1.1093
1.1121
1.1149
1.1177
1.1206
1.1235
1.1263
1.1292
1.1321
1.135
1.138
1.1409
1.1439
1.1468
1.1498
1.1528
1.1558
1.1588
1.1619
1.1649
1.168
1.1711
1.1742
1.1773
1.1804
1.1835
1.1867
1.1898
1.193
1.1962
1.1994
1.2026
1.2058
1.2091
1.2124
1.2156
1.2189
1.2222
1.2256
1.2289
1.2323
1.2356
1.239
1.2424
1.2458
1.2493
1.2527
1.2562
1.2597
1.2632
1.2667
1.2702
1.2738
1.2773
1.2809
1.2845
1.2881
1.2917
1.2954
1.299
1.3027
1.3064
1.3101
1.3139
1.3176
1.3214
1.3252
1.329
1.3328
1.3367
1.3405
1.3444
1.3483
1.3522
1.3561
1.3601
1.3641
1.3681
1.3721
1.3761
1.3801
1.3842
1.3883
1.3924
1.3965
1.4007
1.4048
1.409
1.4132
1.4174
1.4217
1.426
1.4302
1.4346
1.4389
1.4432
1.4476
1.452
1.4564
1.4608
1.4653
1.4698
1.4743
1.4788
1.4833
1.4879
1.4925
1.4971
1.5017
1.5064
1.5111
1.5158
1.5205
1.5253
1.53
1.5348
1.5396
1.5445
1.5493
1.5542
1.5591
1.5641
1.569
1.574
1.579
1.5841
1.5891
1.5942
1.5993
1.6045
1.6097
1.6148
1.6201
1.6253
1.6306
1.6359
1.6412
1.6465
1.6519
1.6573
1.6627
1.6682
1.6737
1.6792
1.6847
1.6903
1.6959
1.7015
1.7071
1.7128
1.7185
1.7243
1.73
1.7358
1.7416
1.7475
1.7534
1.7593
1.7652
1.7712
1.7772
1.7833
1.7893
1.7954
1.8015
1.8077
1.8139
1.8201
1.8264
1.8326
1.839
1.8453
1.8517
1.8581
1.8646
1.871
1.8776
1.8841
1.8907
1.8973
1.904
1.9106
1.9174
1.9241
1.9309
1.9377
1.9446
1.9515
1.9584
1.9654
1.9724
1.9794
1.9865
1.9936
2.0007
2.0079
2.0152
2.0224
2.0297
2.037
2.0444
2.0518
2.0593
2.0668
2.0743
2.0819
2.0895
2.0971
2.1048
2.1126
2.1203
2.1281
2.136
2.1439
2.1518
2.1598
2.1678
2.1759
2.184
2.1921
2.2003
2.2085
2.2168
2.2251
2.2335
2.2419
2.2504
2.2589
2.2674
2.276
2.2846
2.2933
2.302
2.3108
2.3196
2.3285
2.3374
2.3463
2.3554
2.3644
2.3735
2.3827
2.3919
2.4011
2.4104
2.4198
2.4291
2.4386
2.4481
2.4576
2.4672
2.4769
2.4866
2.4963
2.5062
2.516
2.5259
2.5359
2.5459
2.556
2.5661
2.5763
2.5865
2.5968
2.6071
2.6175
2.628
2.6385
2.6491
2.6597
2.6704
2.6811
2.6919
2.7028
2.7137
2.7247
2.7357
2.7468
2.7579
2.7691
2.7804
2.7917
2.8031
2.8146
2.8261
2.8377
2.8493
2.861
2.8728
2.8846
2.8965
2.9084
2.9205
2.9325
2.9447
2.9569
2.9692
2.9815
2.9939
3.0064
3.019
3.0316
3.0443
3.057
3.0698
3.0827
3.0957
3.1087
3.1218
3.1349
3.1482
3.1615
3.1749
3.1883
3.2018
3.2154
3.2291
3.2428
3.2567
3.2706
3.2845
3.2986
3.3127
3.3269
3.3411
3.3555
3.3699
3.3844
3.399
3.4136
3.4283
3.4431
3.458
3.473
3.488
3.5032
3.5184
3.5337
3.549
3.5645
3.58
3.5956
3.6113
3.6271
3.643
3.6589
3.6749
3.6911
3.7073
3.7235
3.7399
3.7564
3.7729
3.7896
3.8063
3.8231
3.84
3.857
3.874
3.8912
3.9084
3.9258
3.9432
3.9607
3.9784
3.9961
4.0139
4.0317
4.0497
4.0678
4.086
4.1042
4.1226
4.141
4.1596
4.1782
4.1969
4.2158
4.2347
4.2537
4.2728
4.2921
4.3114
4.3308
4.3503
4.3699
4.3896
4.4094
4.4293
4.4493
4.4694
4.4896
4.5099
4.5303
4.5508
4.5714
4.5921
4.6129
4.6338
4.6549
4.676
4.6972
4.7185
4.7399
4.7615
4.7831
4.8048
4.8267
4.8486
4.8706
4.8928
4.9151
4.9374
4.9599
4.9825
5.0051
5.0279
5.0508
5.0738
5.0969
5.1201
5.1434
5.1668
5.1903
5.214
5.2377
5.2616
5.2855
5.3096
5.3337
5.358
5.3824
5.4068
5.4314
5.4561
5.4809
5.5058
5.5308
5.556
5.5812
5.6065
5.6319
5.6575
5.6831
5.7089
5.7347
5.7607
5.7867
5.8129
5.8392
5.8655
5.892
5.9186
5.9453
5.972
5.9989
6.0259
6.053
6.0802
6.1075
6.1348
6.1623
6.1899
6.2176
6.2453
6.2732
6.3012
6.3292
6.3574
6.3856
6.414
6.4424
6.4709
6.4995
6.5282
6.557
6.5859
6.6148
6.6439
6.673
6.7022
6.7315
6.7609
6.7903
6.8199
6.8495
6.8792
6.9089
6.9388
6.9687
6.9986
7.0287
7.0588
7.089
7.1192
7.1495
7.1799
7.2103
7.2408
7.2714
7.302
7.3326
7.3633
7.394
7.4248
7.4557
7.4866
7.5175
7.5484
7.5794
7.6105
7.6415
7.6726
7.7037
7.7348
7.766
7.7972
7.8284
7.8596
7.8908
7.922
7.9532
7.9844
8.0157
8.0469
8.0781
8.1093
8.1405
8.1716
8.2028
8.2339
8.265
8.2961
8.3271
8.3581
8.389
8.4199
8.4507
8.4815
8.5122
8.5429
8.5735
8.604
8.6345
8.6648
8.6951
8.7253
8.7554
8.7854
8.8153
8.8451
8.8747
8.9043
8.9337
8.963
8.9921
9.0211
9.05
9.0787
9.1073
9.1357
9.1639
9.1919
9.2198
9.2475
9.275
9.3022
9.3293
9.3562
9.3828
9.4092
9.4354
9.4614
9.4871
9.5125
9.5377
9.5626
9.5872
9.6116
9.6357
9.6594
9.6829
9.706
9.7289
9.7514
9.7735
9.7954
9.8168
9.8379
9.8587
9.879
9.899
9.9186
9.9378
9.9565
9.9749
9.9928
10.01
10.027
10.044
10.06
10.076
10.091
10.105
10.12
10.133
10.146
10.159
10.171
10.182
10.193
10.204
10.214
10.223
10.231
10.239
10.247
10.253
10.259
10.265
10.27
10.274
10.277
10.28
10.282
10.283
10.284
10.284
10.283
10.281
10.279
10.276
10.272
10.267
10.261
10.255
10.248
10.24
10.231
10.221
10.21
10.199
10.186
10.173
10.159
10.144
10.128
10.111
10.093
10.074
10.054
10.033
10.012
9.9888
9.965
9.9402
9.9144
9.8875
9.8597
9.8307
9.8007
9.7697
9.7376
9.7044
9.6701
9.6347
9.5982
9.5606
9.522
9.4821
9.4412
9.3991
9.3559
9.3116
9.2661
9.2194
9.1716
9.1226
9.0725
9.0212
8.9687
8.915
8.8602
8.8042
8.7469
8.6885
8.6289
8.5681
8.5061
8.4429
8.3785
8.3129
8.2461
8.1781
8.109
8.0386
7.967
7.8942
7.8203
7.7451
7.6688
7.5913
7.5126
7.4327
7.3516
7.2694
7.186
7.1015
7.0158
6.929
6.841
6.752
6.6617
6.5704
6.478
6.3844
6.2898
6.1941
6.0974
5.9995
5.9007
5.8008
5.6998
5.5979
5.4949
5.391
5.2861
5.1803
5.0734
4.9657
4.8571
4.7475
4.6371
4.5257
4.4136
4.3006
4.1868
4.0721
3.9567
3.8406
3.7236
3.606
3.4876
3.3686
3.2489
3.1285
3.0075
2.8859
2.7637
2.6409
2.5176
2.3938
2.2694
2.1446
2.0193
1.8936
1.7675
1.641
1.5141
1.3869
1.2593
1.1315
1.0034
0.87502
0.74644
0.61765
0.48869
0.35958
0.23034
0.101
-0.028414
-0.15789
-0.28739
-0.41689
-0.54638
-0.67582
-0.80519
-0.93447
-1.0636
-1.1926
-1.3215
-1.4502
-1.5786
-1.7068
-1.8348
-1.9624
-2.0898
-2.2168
-2.3434
-2.4697
-2.5956
-2.721
-2.846
-2.9706
-3.0946
-3.2181
-3.3411
-3.4635
-3.5853
-3.7066
-3.8272
-3.9472
-4.0665
-4.1852
-4.3031
-4.4203
-4.5368
-4.6525
-4.7675
-4.8816
-4.995
-5.1075
-5.2192
-5.33
-5.4399
-5.549
-5.6571
-5.7643
-5.8706
-5.9759
-6.0803
-6.1837
-6.2861
-6.3875
-6.4879
-6.5872
-6.6855
-6.7828
-6.879
-6.9742
-7.0682
-7.1612
-7.2531
-7.3438
-7.4335
-7.522
-7.6095
-7.6957
-7.7809
-7.8649
-7.9477
-8.0294
-8.1099
-8.1893
-8.2675
-8.3445
-8.4203
-8.495
-8.5685
-8.6407
-8.7118
-8.7818
-8.8505
-8.918
-8.9844
-9.0496
-9.1135
-9.1763
-9.2379
-9.2984
-9.3576
-9.4156
-9.4725
-9.5282
-9.5828
-9.6361
-9.6883
-9.7393
-9.7892
-9.8379
-9.8855
-9.9319
-9.9772
-10.021
-10.064
-10.106
-10.147
-10.187
-10.225
-10.263
-10.299
-10.335
-10.369
-10.402
-10.434
-10.465
-10.495
-10.524
-10.552
-10.579
-10.605
-10.63
-10.654
-10.677
-10.699
-10.72
-10.74
-10.759
-10.777
-10.795
-10.811
-10.826
-10.841
-10.855
-10.867
-10.879
-10.89
-10.9
-10.91
-10.918
-10.926
-10.933
-10.939
-10.945
-10.949
-10.953
-10.956
-10.958
-10.96
-10.961
-10.961
-10.96
-10.959
-10.957
-10.955
-10.951
-10.947
-10.943
-10.938
-10.932
-10.925
-10.918
-10.911
-10.903
-10.894
-10.885
-10.875
-10.864
-10.854
-10.842
-10.83
-10.818
-10.805
-10.791
-10.777
-10.763
-10.748
-10.733
-10.717
-10.701
-10.685
-10.668
-10.65
-10.633
-10.615
-10.596
-10.577
-10.558
-10.539
-10.519
-10.498
-10.478
-10.457
-10.436
-10.414
-10.393
-10.371
-10.348
-10.326
-10.303
-10.28
-10.256
-10.233
-10.209
-10.185
-10.161
-10.136
-10.112
-10.087
-10.062
-10.036
-10.011
-9.9852
-9.9595
-9.9335
-9.9074
-9.8812
-9.8548
-9.8282
-9.8016
-9.7748
-9.7479
-9.7208
-9.6937
-9.6664
-9.6391
-9.6117
-9.5841
-9.5565
-9.5288
-9.501
-9.4732
-9.4453
-9.4173
-9.3893
-9.3612
-9.3331
-9.3049
-9.2767
-9.2485
-9.2202
-9.1919
-9.1636
-9.1352
-9.1069
-9.0785
-9.0501
-9.0217
-8.9933
-8.9649
-8.9366
-8.9082
-8.8798
-8.8515
-8.8231
-8.7948
-8.7665
-8.7383
-8.71
-8.6818
-8.6537
-8.6256
-8.5975
-8.5694
-8.5414
-8.5135
-8.4856
-8.4578
-8.43
-8.4023
-8.3746
-8.347
-8.3194
-8.292
-8.2646
-8.2372
-8.21
-8.1828
-8.1557
-8.1286
-8.1017
-8.0748
-8.048
-8.0213
-7.9947
-7.9682
-7.9417
-7.9154
-7.8891
-7.863
-7.8369
-7.8109
-7.7851
-7.7593
-7.7336
-7.7081
-7.6826
-7.6573
-7.632
-7.6069
-7.5818
-7.5569
-7.5321
-7.5074
-7.4828
-7.4583
-7.4339
-7.4097
-7.3855
-7.3615
-7.3376
-7.3138
-7.2901
-7.2666
-7.2432
-7.2199
-7.1967
-7.1736
-7.1506
-7.1278
-7.1051
-7.0826
-7.0601
-7.0378
-7.0156
-6.9935
-6.9716
-6.9497
-6.9281
-6.9065
-6.8851
-6.8637
-6.8426
-6.8215
-6.8006
-6.7798
-6.7591
-6.7386
-6.7182
-6.6979
-6.6778
-6.6578
-6.6379
-6.6182
-6.5986
-6.5791
-6.5598
-6.5405
-6.5215
-6.5025
-6.4837
-6.465
-6.4465
-6.428
-6.4098
-6.3916
-6.3736
-6.3557
-6.338
-6.3203
-6.3029
-6.2855
-6.2683
-6.2512
-6.2342
-6.2174
-6.2007
-6.1842
-6.1678
-6.1515
-6.1353
-6.1193
-6.1034
-6.0877
-6.0721
-6.0566
-6.0412
-6.026
-6.0109
-5.9959
-5.9811
-5.9664
-5.9519
-5.9374
-5.9231
-5.909
-5.8949
-5.881
-5.8673
-5.8536
-5.8401
-5.8267
-5.8135
-5.8004
-5.7874
-5.7745
-5.7618
-5.7492
-5.7367
-5.7244
-5.7122
-5.7001
-5.6882
-5.6764
-5.6647
-5.6531
-5.6417
-5.6304
-5.6192
-5.6081
-5.5972
-5.5864
-5.5758
-5.5652
-5.5548
-5.5445
-5.5344
-5.5244
-5.5145
-5.5047
-5.495
-5.4855
-5.4761
-5.4668
-5.4577
-5.4487
-5.4398
-5.431
-5.4224
-5.4138
-5.4055
-5.3972
-5.389
-5.381
-5.3731
-5.3653
-5.3577
-5.3502
-5.3428
-5.3355
-5.3283
-5.3213
-5.3144
-5.3076
-5.3009
-5.2944
-5.288
-5.2817
-5.2755
-5.2694
-5.2635
-5.2577
-5.252
-5.2464
-5.241
-5.2356
-5.2304
-5.2253
-5.2204
-5.2155
-5.2108
-5.2062
-5.2017
-5.1974
-5.1931
-5.189
-5.185
-5.1811
-5.1773
-5.1737
-5.1702
-5.1668
-5.1635
-5.1603
-5.1573
-5.1543
-5.1515
-5.1488
-5.1462
-5.1438
-5.1415
-5.1392
-5.1371
-5.1352
-5.1333
-5.1316
-5.1299
-5.1284
-5.127
-5.1258
-5.1246
-5.1236
-5.1227
-5.1219
-5.1212
-5.1206
-5.1202
-5.1199
-5.1197
-5.1196
-5.1196
-5.1197
-5.12
-5.1204
-5.1209
-5.1215
-5.1222
-5.1231
-5.1241
-5.1252
-5.1264
-5.1277
-5.1291
-5.1307
-5.1324
-5.1342
-5.1361
-5.1381
-5.1403
-5.1426
-5.145
-5.1475
-5.1501
-5.1528
-5.1557
-5.1587
-5.1618
-5.165
-5.1684
-5.1718
-5.1754
-5.1791
-5.1829
-5.1868
-5.1909
-5.1951
-5.1994
-5.2038
-5.2083
-5.213
-5.2177
-5.2226
-5.2276
-5.2328
-5.238
-5.2434
-5.2489
-5.2545
-5.2602
-5.2661
-5.2721
-5.2782
-5.2844
-5.2907
-5.2972
-5.3037
-5.3105
-5.3173
-5.3242
-5.3313
-5.3385
-5.3458
-5.3532
-5.3608
-5.3685
-5.3763
-5.3842
-5.3923
-5.4004
-5.4087
-5.4171
-5.4257
-5.4344
-5.4432
-5.4521
-5.4611
-5.4703
-5.4796
-5.489
-5.4985
-5.5082
-5.518
-5.5279
-5.5379
-5.5481
-5.5584
-5.5688
-5.5794
-5.59
-5.6008
-5.6118
-5.6228
-5.634
-5.6453
-5.6568
-5.6683
-5.68
-5.6918
-5.7038
-5.7159
-5.7281
-5.7404
-5.7529
-5.7655
-5.7782
-5.791
-5.804
-5.8171
-5.8304
-5.8437
-5.8572
-5.8709
-5.8846
-5.8985
-5.9125
-5.9267
-5.941
-5.9554
-5.9699
-5.9846
-5.9994
-6.0144
-6.0294
-6.0446
-6.06
-6.0755
-6.0911
-6.1068
-6.1227
-6.1387
-6.1548
-6.171
-6.1874
-6.204
-6.2206
-6.2374
-6.2544
-6.2714
-6.2886
-6.3059
-6.3234
-6.341
-6.3587
-6.3766
-6.3946
-6.4127
-6.431
-6.4494
-6.4679
-6.4865
-6.5053
-6.5243
-6.5433
-6.5625
-6.5818
-6.6013
-6.6209
-6.6406
-6.6605
-6.6804
-6.7006
-6.7208
-6.7412
-6.7617
-6.7823
-6.8031
-6.824
-6.8451
-6.8662
-6.8875
-6.909
-6.9305
-6.9522
-6.974
-6.996
-7.0181
-7.0403
-7.0626
-7.085
-7.1076
-7.1303
-7.1532
-7.1761
-7.1992
-7.2224
-7.2458
-7.2692
-7.2928
-7.3165
-7.3403
-7.3643
-7.3884
-7.4126
-7.4369
-7.4613
-7.4858
-7.5105
-7.5353
-7.5602
-7.5852
-7.6103
-7.6355
-7.6609
-7.6863
-7.7119
-7.7375
-7.7633
-7.7892
-7.8152
-7.8413
-7.8675
-7.8938
-7.9202
-7.9467
-7.9733
-8
-8.0268
-8.0537
-8.0807
-8.1077
-8.1349
-8.1621
-8.1895
-8.2169
-8.2444
-8.272
-8.2997
-8.3274
-8.3552
-8.3831
-8.4111
-8.4391
-8.4672
-8.4954
-8.5236
-8.5519
-8.5803
-8.6087
-8.6372
-8.6657
-8.6943
-8.7229
-8.7516
-8.7803
-8.809
-8.8378
-8.8666
-8.8955
-8.9244
-8.9533
-8.9823
-9.0112
-9.0402
-9.0692
-9.0982
-9.1272
-9.1562
-9.1852
-9.2143
-9.2433
-9.2723
-9.3013
-9.3302
-9.3592
-9.3881
-9.417
-9.4459
-9.4747
-9.5035
-9.5323
-9.561
-9.5896
-9.6182
-9.6467
-9.6752
-9.7036
-9.7319
-9.7602
-9.7883
-9.8164
-9.8444
-9.8722
-9.9
-9.9276
-9.9552
-9.9826
-10.01
-10.037
-10.064
-10.091
-10.118
-10.144
-10.171
-10.197
-10.223
-10.249
-10.275
-10.3
-10.325
-10.35
-10.375
-10.4
-10.424
-10.449
-10.473
-10.496
-10.52
-10.543
-10.566
-10.589
-10.611
-10.633
-10.655
-10.676
-10.697
-10.718
-10.739
-10.759
-10.779
-10.798
-10.817
-10.836
-10.854
-10.872
-10.89
-10.907
-10.924
-10.94
-10.956
-10.971
-10.986
-11.001
-11.015
-11.028
-11.041
-11.054
-11.066
-11.078
-11.089
-11.099
-11.109
-11.118
-11.127
-11.135
-11.143
-11.15
-11.156
-11.162
-11.167
-11.172
-11.176
-11.179
-11.181
-11.183
-11.184
-11.185
-11.185
-11.184
-11.182
-11.18
-11.176
-11.172
-11.168
-11.162
-11.156
-11.149
-11.141
-11.132
-11.122
-11.112
-11.101
-11.088
-11.075
-11.061
-11.047
-11.031
-11.014
-10.997
-10.978
-10.959
-10.938
-10.917
-10.894
-10.871
-10.847
-10.821
-10.795
-10.768
-10.739
-10.71
-10.68
-10.648
-10.615
-10.582
-10.547
-10.511
-10.474
-10.436
-10.397
-10.357
-10.316
-10.273
-10.23
-10.185
-10.139
-10.092
-10.044
-9.9949
-9.9445
-9.8929
-9.8401
-9.7862
-9.7311
-9.6748
-9.6173
-9.5587
-9.4988
-9.4378
-9.3756
-9.3123
-9.2477
-9.1819
-9.115
-9.0468
-8.9775
-8.907
-8.8353
-8.7624
-8.6884
-8.6131
-8.5367
-8.4591
-8.3803
-8.3004
-8.2193
-8.137
-8.0536
-7.9691
-7.8834
-7.7966
-7.7086
-7.6195
-7.5294
-7.4381
-7.3457
-7.2522
-7.1576
-7.062
-6.9653
-6.8676
-6.7688
-6.669
-6.5682
-6.4664
-6.3636
-6.2598
-6.1551
-6.0494
-5.9428
-5.8352
-5.7267
-5.6174
-5.5071
-5.3961
-5.2841
-5.1714
-5.0578
-4.9434
-4.8283
-4.7124
-4.5957
-4.4784
-4.3603
-4.2416
-4.1222
-4.0021
-3.8815
-3.7602
-3.6383
-3.5159
-3.393
-3.2695
-3.1456
-3.0212
-2.8963
-2.771
-2.6453
-2.5192
-2.3928
-2.266
-2.1389
-2.0116
-1.8839
-1.7561
-1.628
-1.4997
-1.3712
-1.2427
-1.1139
-0.98515
-0.85628
-0.72736
-0.59843
-0.4695
-0.34059
-0.21174
-0.082973
0.045695
0.17424
0.30263
0.43084
0.55886
0.68665
0.81419
0.94147
1.0684
1.1951
1.3214
1.4474
1.5729
1.6981
1.8228
1.947
2.0708
2.1941
2.3168
2.439
2.5607
2.6817
2.8022
2.922
3.0411
3.1596
3.2774
3.3945
3.5109
3.6265
3.7413
3.8554
3.9687
4.0811
4.1927
4.3035
4.4133
4.5223
4.6304
4.7376
4.8439
4.9492
5.0535
5.1569
5.2593
5.3607
5.4611
5.5604
5.6587
5.756
5.8522
5.9474
6.0414
6.1344
6.2263
6.3171
6.4067
6.4953
6.5827
6.669
6.7541
6.8381
6.9209
7.0026
7.0831
7.1624
7.2406
7.3175
7.3933
7.4679
7.5413
7.6136
7.6846
7.7544
7.8231
7.8905
7.9568
8.0218
8.0857
8.1483
8.2098
8.27
8.3291
8.387
8.4437
8.4992
8.5535
8.6066
8.6586
8.7093
8.7589
8.8074
8.8546
8.9008
8.9457
8.9895
9.0322
9.0737
9.1141
9.1534
9.1916
9.2286
9.2645
9.2994
9.3331
9.3658
9.3974
9.4279
9.4574
9.4858
9.5131
9.5395
9.5648
9.589
9.6123
9.6346
9.6558
9.6761
9.6954
9.7138
9.7312
9.7476
9.7631
9.7777
9.7914
9.8042
9.816
9.827
9.8371
9.8463
9.8547
9.8622
9.8689
9.8748
9.8798
9.8841
9.8875
9.8902
9.8921
9.8932
9.8935
9.8932
9.8921
9.8902
9.8877
9.8844
9.8805
9.8759
9.8706
9.8646
9.858
9.8508
9.8429
9.8344
9.8253
9.8156
9.8053
9.7945
9.783
9.771
9.7585
9.7454
9.7317
9.7176
9.7029
9.6878
9.6721
9.656
9.6394
9.6223
9.6047
9.5868
9.5683
9.5495
9.5302
9.5105
9.4905
9.47
9.4491
9.4279
9.4063
9.3843
9.362
9.3393
9.3163
9.293
9.2693
9.2454
9.2211
9.1965
9.1717
9.1465
9.1211
9.0955
9.0695
9.0433
9.0169
8.9902
8.9633
8.9362
8.9088
8.8812
8.8535
8.8255
8.7973
8.769
8.7404
8.7117
8.6828
8.6538
8.6246
8.5952
8.5657
8.5361
8.5063
8.4764
8.4464
8.4162
8.386
8.3556
8.3251
8.2945
8.2639
8.2331
8.2022
8.1713
8.1403
8.1092
8.0781
8.0469
8.0156
7.9843
7.9529
7.9215
7.89
7.8585
7.827
7.7954
7.7638
7.7322
7.7006
7.6689
7.6373
7.6056
7.5739
7.5422
7.5105
7.4788
7.4471
7.4154
7.3837
7.3521
7.3204
7.2888
7.2572
7.2256
7.1941
7.1626
7.1311
7.0996
7.0682
7.0368
7.0054
6.9741
6.9429
6.9117
6.8805
6.8494
6.8183
6.7873
6.7564
6.7255
6.6947
6.6639
6.6332
6.6026
6.572
6.5415
6.5111
6.4807
6.4504
6.4202
6.39
6.36
6.33
6.3001
6.2703
6.2405
6.2108
6.1813
6.1518
6.1224
6.093
6.0638
6.0346
6.0056
5.9766
5.9477
5.919
5.8903
5.8617
5.8332
5.8048
5.7764
5.7482
5.7201
5.6921
5.6642
5.6363
5.6086
5.581
5.5535
5.5261
5.4987
5.4715
5.4444
5.4174
5.3905
5.3637
5.337
5.3104
5.2839
5.2575
5.2312
5.205
5.1789
5.1529
5.1271
5.1013
5.0757
5.0501
5.0247
4.9993
4.9741
4.949
4.924
4.8991
4.8743
4.8496
4.825
4.8005
4.7761
4.7519
4.7277
4.7036
4.6797
4.6559
4.6321
4.6085
4.585
4.5616
4.5383
4.5151
4.492
4.469
4.4461
4.4233
4.4006
4.3781
4.3556
4.3332
4.311
4.2888
4.2668
4.2449
4.223
4.2013
4.1797
4.1581
4.1367
4.1154
4.0942
4.0731
4.052
4.0311
4.0103
3.9896
3.969
3.9485
3.9281
3.9078
3.8876
3.8675
3.8475
3.8276
3.8077
3.788
3.7684
3.7489
3.7295
3.7101
3.6909
3.6718
3.6528
3.6338
3.615
3.5962
3.5776
3.559
3.5405
3.5222
3.5039
3.4857
3.4676
3.4496
3.4317
3.4138
3.3961
3.3785
3.3609
3.3435
3.3261
3.3088
3.2916
3.2745
3.2575
3.2406
3.2237
3.207
3.1903
3.1737
3.1572
3.1408
3.1245
3.1082
3.0921
3.076
3.06
3.0441
3.0283
3.0125
2.9969
2.9813
2.9658
2.9504
2.935
2.9198
2.9046
2.8895
2.8745
2.8595
2.8447
2.8299
2.8152
2.8005
2.786
2.7715
2.7571
2.7427
2.7285
2.7143
2.7002
2.6862
2.6722
2.6583
2.6445
2.6308
2.6171
2.6035
2.59
2.5765
2.5632
2.5498
2.5366
2.5234
2.5103
2.4973
2.4843
2.4714
2.4586
2.4458
2.4331
2.4205
2.4079
2.3954
2.383
2.3706
2.3583
2.3461
2.3339
2.3218
2.3098
2.2978
2.2859
2.274
2.2622
2.2505
2.2388
2.2272
2.2156
2.2041
2.1927
2.1813
2.17
2.1588
2.1476
2.1365
2.1254
2.1144
2.1034
2.0925
2.0817
2.0709
2.0601
2.0495
2.0389
2.0283
2.0178
2.0073
1.9969
1.9866
1.9763
1.9661
1.9559
1.9457
1.9357
1.9256
1.9157
1.9057
1.8959
1.886
1.8763
1.8666
1.8569
1.8473
1.8377
1.8282
1.8187
1.8093
1.7999
1.7906
1.7813
1.7721
1.7629
1.7538
1.7447
1.7357
1.7267
1.7178
1.7089
1.7
1.6912
1.6825
1.6737
1.6651
1.6564
1.6479
1.6393
1.6308
1.6224
1.614
1.6056
1.5973
1.589
1.5808
1.5726
1.5644
1.5563
1.5483
1.5402
1.5323
1.5243
1.5164
1.5085
1.5007
1.4929
1.4852
1.4775
1.4698
1.4622
1.4546
1.4471
1.4396
1.4321
1.4246
1.4172
1.4099
1.4026
1.3953
1.388
1.3808
1.3736
1.3665
1.3594
1.3523
1.3453
1.3383
1.3313
1.3244
1.3175
1.3107
1.3038
1.2971
1.2903
1.2836
1.2769
1.2702
1.2636
1.257
1.2505
1.244
1.2375
1.231
1.2246
1.2182
1.2118
1.2055
1.1992
1.1929
1.1867
1.1805
1.1743
1.1682
1.1621
1.156
1.1499
1.1439
1.1379
1.132
1.126
1.1201
1.1142
1.1084
1.1026
1.0968
1.091
1.0853
1.0796
1.0739
1.0683
1.0626
1.057
1.0515
1.0459
1.0404
1.0349
1.0295
1.0241
1.0186
1.0133
1.0079
1.0026
0.99728
0.99201
0.98676
0.98153
0.97633
0.97116
0.96601
0.96089
0.95579
0.95071
0.94566
0.94064
0.93563
0.93066
0.9257
0.92077
0.91587
0.91098
0.90612
0.90129
0.89647
0.89168
0.88692
0.88217
0.87745
0.87275
0.86808
0.86342
0.85879
0.85418
0.84959
0.84503
0.84048
0.83596
0.83146
0.82698
0.82252
0.81808
0.81366
0.80927
0.80489
0.80054
0.7962
0.79189
0.78759
0.78332
0.77907
0.77484
0.77062
0.76643
0.76225
0.7581
0.75397
0.74985
0.74576
0.74168
0.73762
0.73358
0.72956
0.72556
0.72158
0.71761
0.71367
0.70974
0.70583
0.70194
0.69807
0.69421
0.69038
0.68656
0.68276
0.67897
0.67521
0.67146
0.66773
0.66401
0.66032
0.65664
0.65297
0.64933
0.6457
0.64208
0.63849
0.63491
0.63134
0.6278
0.62427
0.62075
0.61725
0.61377
0.6103
0.60685
0.60342
0.6
0.5966
0.59321
0.58983
0.58648
0.58314
0.57981
0.5765
0.5732
0.56992
0.56665
0.5634
0.56016
0.55694
0.55373
0.55054
0.54736
0.54419
0.54104
0.53791
0.53478
0.53168
0.52858
0.5255
0.52243
0.51938
0.51634
0.51332
0.51031
0.50731
0.50432
0.50135
0.49839
0.49545
0.49252
0.4896
0.48669
0.4838
0.48092
0.47805
0.4752
0.47236
0.46953
0.46671
0.46391
0.46112
0.45834
0.45557
0.45282
0.45008
0.44735
0.44463
0.44192
0.43923
0.43655
0.43388
0.43122
0.42857
0.42594
0.42331
0.4207
0.4181
0.41551
0.41293
0.41037
0.40781
0.40527
0.40274
0.40022
0.39771
0.39521
0.39272
0.39024
0.38777
0.38532
0.38287
0.38044
0.37801
0.3756
0.3732
0.37081
0.36842
0.36605
0.36369
0.36134
0.359
0.35667
0.35435
0.35204
0.34974
0.34745
0.34517
0.3429
0.34064
0.33839
0.33615
0.33391
0.33169
0.32948
0.32728
0.32508
0.3229
0.32073
0.31856
0.31641
0.31426
0.31212
0.31
0.30788
0.30577
0.30367
0.30158
0.29949
0.29742
0.29536
0.2933
0.29125
0.28922
0.28719
0.28517
0.28315
0.28115
0.27916
0.27717
0.27519
0.27322
0.27126
0.26931
0.26737
0.26543
0.2635
0.26158
0.25967
0.25777
0.25588
0.25399
0.25211
0.25024
0.24838
0.24652
0.24467
0.24284
0.241
0.23918
0.23737
0.23556
0.23376
0.23196
0.23018
0.2284
0.22663
0.22487
0.22312
0.22137
0.21963
0.21789
0.21617
0.21445
0.21274
0.21104
0.20934
0.20765
0.20597
0.20429
0.20263
0.20097
0.19931
0.19767
0.19603
0.19439
0.19277
0.19115
0.18954
0.18793
0.18633
0.18474
0.18315
0.18158
0.18
0.17844
0.17688
0.17533
0.17378
0.17224
0.17071
0.16919
0.16767
0.16615
0.16465
0.16315
0.16165
0.16016
0.15868
0.15721
0.15574
0.15427
0.15282
0.15137
0.14992
0.14848
0.14705
0.14562
0.1442
0.14279
0.14138
0.13998
0.13858
0.13719
0.13581
0.13443
0.13305
0.13169
0.13032
0.12897
0.12762
0.12627
0.12493
0.1236
0.12227
0.12095
0.11963
0.11832
0.11702
0.11572
0.11442
0.11313
0.11185
0.11057
0.1093
0.10803
0.10677
0.10551
0.10426
0.10301
0.10177
0.10054
0.099305
0.098079
0.096859
0.095644
0.094433
0.093228
0.092029
0.090834
0.089644
0.088459
0.087279
0.086104
0.084934
0.083769
0.082609
0.081454
0.080304
0.079159
0.078018
0.076882
0.075751
0.074625
0.073504
0.072387
0.071275
0.070168
0.069066
0.067968
0.066874
0.065786
0.064702
0.063623
0.062548
0.061478
0.060412
0.059351
0.058294
0.057242
0.056194
0.055151
0.054112
0.053078
0.052048
0.051022
0.050001
0.048984
0.047972
0.046963
0.04596
0.04496
0.043965
0.042974
0.041987
0.041004
0.040026
0.039051
0.038081
0.037115
0.036154
0.035196
0.034242
0.033293
0.032348
0.031406
0.030469
0.029536
0.028607
0.027681
0.02676
0.025843
0.02493
0.02402
0.023115
0.022213
0.021316
0.020422
0.019532
0.018646
0.017764
0.016886
0.016011
0.015141
0.014274
0.01341
0.012551
0.011695
0.010844
0.0099953
0.0091509
0.0083101
0.0074729
0.0066395
0.0058097
0.0049835
0.004161
0.003342
0.0025267
0.0017149
0.00090676
0.00010215
-0.00069892
-0.0014965
-0.0022905
-0.003081
-0.003868
-0.0046515
-0.0054316
-0.0062081
-0.0069813
-0.007751
-0.0085173
-0.0092802
-0.01004
-0.010796
-0.011548
-0.012298
-0.013044
-0.013786
-0.014526
-0.015262
-0.015994
-0.016724
-0.01745
-0.018173
-0.018892
-0.019609
-0.020322
-0.021032
-0.021738
-0.022442
-0.023142
-0.023839
-0.024533
-0.025224
-0.025911
-0.026596
-0.027277
-0.027955
-0.028631
-0.029303
-0.029971
-0.030637
-0.0313
-0.03196
-0.032616
-0.03327
-0.033921
-0.034568
-0.035213
-0.035854
-0.036493
-0.037129
-0.037761
-0.038391
-0.039018
-0.039642
-0.040262
-0.04088
-0.041495
-0.042108
-0.042717
-0.043323
-0.043927
-0.044527
-0.045125
-0.04572
-0.046312
-0.046902
-0.047488
-0.048072
-0.048653
-0.049231
-0.049806
-0.050379
-0.050948
-0.051515
-0.05208
-0.052641
-0.0532
-0.053756
-0.05431
-0.05486
-0.055408
-0.055953
-0.056496
-0.057036
-0.057573
-0.058108
-0.05864
-0.059169
-0.059696
-0.06022
-0.060742
-0.061261
-0.061777
-0.062291
-0.062802
-0.06331
-0.063816
-0.06432
-0.064821
-0.065319
-0.065815
-0.066308
-0.066799
-0.067287
-0.067773
-0.068256
-0.068737
-0.069215
-0.069691
-0.070165
-0.070636
-0.071104
-0.07157
-0.072034
-0.072495
-0.072953
-0.07341
-0.073864
-0.074315
-0.074764
-0.075211
-0.075655
-0.076097
-0.076537
-0.076974
-0.077409
-0.077842
-0.078272
-0.0787
-0.079125
-0.079549
-0.07997
-0.080388
-0.080805
-0.081219
-0.08163
-0.08204
-0.082447
-0.082852
-0.083255
-0.083655
-0.084053
-0.084449
-0.084843
-0.085234
-0.085624
-0.086011
-0.086395
-0.086778
-0.087158
-0.087537
-0.087913
-0.088287
-0.088658
-0.089028
-0.089395
-0.08976
-0.090123
-0.090484
-0.090843
-0.0912
-0.091554
-0.091907
-0.092257
-0.092605
-0.092951
-0.093295
-0.093637
-0.093977
-0.094314
-0.09465
-0.094984
-0.095315
-0.095645
-0.095972
-0.096297
-0.09662
-0.096942
-0.097261
-0.097578
-0.097893
-0.098206
-0.098518
-0.098827
-0.099134
-0.099439
-0.099742
-0.10004
-0.10034
-0.10064
-0.10093
-0.10123
-0.10152
-0.10181
-0.1021
-0.10238
-0.10266
-0.10295
-0.10323
-0.1035
-0.10378
-0.10405
-0.10433
-0.1046
-0.10486
-0.10513
-0.10539
-0.10566
-0.10592
-0.10618
-0.10643
-0.10669
-0.10694
-0.10719
-0.10744
-0.10769
-0.10793
-0.10818
-0.10842
-0.10866
-0.1089
-0.10914
-0.10937
-0.1096
-0.10983
-0.11006
-0.11029
-0.11052
-0.11074
-0.11096
-0.11118
-0.1114
-0.11162
-0.11183
-0.11205
-0.11226
-0.11247
-0.11267
-0.11288
-0.11308
-0.11329
-0.11349
-0.11369
-0.11388
-0.11408
-0.11427
-0.11447
-0.11466
-0.11485
-0.11503
-0.11522
-0.1154
-0.11558
-0.11576
-0.11594
-0.11612
-0.11629
-0.11647
-0.11664
-0.11681
-0.11698
-0.11714
-0.11731
-0.11747
-0.11763
-0.11779
-0.11795
-0.11811
-0.11827
-0.11842
-0.11857
-0.11872
-0.11887
-0.11902
-0.11916
-0.11931
-0.11945
-0.11959
-0.11973
-0.11987
-0.12
-0.12014
-0.12027
-0.1204
-0.12053
-0.12066
-0.12078
-0.12091
-0.12103
-0.12115
-0.12127
-0.12139
-0.12151
-0.12162
-0.12174
-0.12185
-0.12196
-0.12207
-0.12217
-0.12228
-0.12238
-0.12249
-0.12259
-0.12269
-0.12279
-0.12288
-0.12298
-0.12307
-0.12316
-0.12326
-0.12334
-0.12343
-0.12352
-0.1236
-0.12369
-0.12377
-0.12385
-0.12393
-0.124
-0.12408
-0.12415
-0.12423
-0.1243
-0.12437
-0.12444
-0.1245
-0.12457
-0.12463
-0.12469
-0.12476
-0.12482
-0.12487
-0.12493
-0.12499
-0.12504
-0.12509
-0.12514
-0.12519
-0.12524
-0.12529
-0.12533
-0.12538
-0.12542
-0.12546
-0.1255
-0.12554
-0.12557
-0.12561
-0.12564
-0.12568
-0.12571
-0.12574
-0.12576
-0.12579
-0.12582
-0.12584
-0.12586
-0.12588
-0.1259
-0.12592
-0.12594
-0.12596
-0.12597
-0.12598
-0.126
-0.12601
-0.12601
-0.12602
-0.12603
-0.12603
-0.12604
-0.12604
-0.12604
-0.12604
-0.12604
-0.12603
-0.12603
-0.12602
-0.12602
-0.12601
-0.126
-0.12599
-0.12597
-0.12596
-0.12594
-0.12593
-0.12591
-0.12589
-0.12587
-0.12585
-0.12582
-0.1258
-0.12577
-0.12575
-0.12572
-0.12569
-0.12566
-0.12563
-0.12559
-0.12556
-0.12552
-0.12548
-0.12544
-0.1254
-0.12536
-0.12532
-0.12528
-0.12523
-0.12519
-0.12514
-0.12509
-0.12504
-0.12499
-0.12493
-0.12488
-0.12482
-0.12477
-0.12471
-0.12465
-0.12459
-0.12453
-0.12447
-0.1244
-0.12434
-0.12427
-0.1242
-0.12413
-0.12406
-0.12399
-0.12392
-0.12384
-0.12377
-0.12369
-0.12361
-0.12353
-0.12345
-0.12337
-0.12329
-0.1232
-0.12312
-0.12303
-0.12295
-0.12286
-0.12277
-0.12267
-0.12258
-0.12249
-0.12239
-0.1223
-0.1222
-0.1221
-0.122
-0.1219
-0.1218
-0.12169
-0.12159
-0.12148
-0.12138
-0.12127
-0.12116
-0.12105
-0.12094
-0.12082
-0.12071
-0.12059
-0.12048
-0.12036
-0.12024
-0.12012
-0.12
-0.11988
-0.11975
-0.11963
-0.1195
-0.11938
-0.11925
-0.11912
-0.11899
-0.11885
-0.11872
-0.11859
-0.11845
-0.11832
-0.11818
-0.11804
-0.1179
-0.11776
-0.11762
-0.11747
-0.11733
-0.11718
-0.11704
-0.11689
-0.11674
-0.11659
-0.11644
-0.11628
-0.11613
-0.11597
-0.11582
-0.11566
-0.1155
-0.11534
-0.11518
-0.11502
-0.11486
-0.11469
-0.11453
-0.11436
-0.1142
-0.11403
-0.11386
-0.11369
-0.11351
-0.11334
-0.11317
-0.11299
-0.11282
-0.11264
-0.11246
-0.11228
-0.1121
-0.11192
-0.11173
-0.11155
-0.11136
-0.11118
-0.11099
-0.1108
-0.11061
-0.11042
-0.11023
-0.11004
-0.10984
-0.10965
-0.10945
-0.10925
-0.10906
-0.10886
-0.10866
-0.10845
-0.10825
-0.10805
-0.10784
-0.10764
-0.10743
-0.10722
-0.10701
-0.1068
-0.10659
-0.10638
-0.10616
-0.10595
-0.10573
-0.10551
-0.1053
-0.10508
-0.10486
-0.10464
-0.10441
-0.10419
-0.10396
-0.10374
-0.10351
-0.10328
-0.10306
-0.10283
-0.1026
-0.10236
-0.10213
-0.1019
-0.10166
-0.10142
-0.10119
-0.10095
-0.10071
-0.10047
-0.10023
-0.099984
-0.099741
-0.099496
-0.09925
-0.099003
-0.098755
-0.098506
-0.098256
-0.098005
-0.097753
-0.0975
-0.097246
-0.09699
-0.096734
-0.096477
-0.096218
-0.095959
-0.095698
-0.095437
-0.095174
-0.09491
-0.094646
-0.09438
-0.094113
-0.093845
-0.093577
-0.093307
-0.093036
-0.092764
-0.092491
-0.092217
-0.091942
-0.091666
-0.091389
-0.09111
-0.090831
-0.090551
-0.09027
-0.089988
-0.089704
-0.08942
-0.089135
-0.088848
-0.088561
-0.088272
-0.087983
-0.087693
-0.087401
-0.087109
-0.086815
-0.08652
-0.086225
-0.085928
-0.085631
-0.085332
-0.085032
-0.084732
-0.08443
-0.084127
-0.083824
-0.083519
-0.083213
-0.082906
-0.082599
-0.08229
-0.08198
-0.081669
-0.081358
-0.081045
-0.080731
-0.080416
-0.0801
-0.079783
-0.079466
-0.079147
-0.078827
-0.078506
-0.078184
-0.077861
-0.077537
-0.077213
-0.076887
-0.07656
-0.076232
-0.075903
-0.075573
-0.075242
-0.07491
-0.074578
-0.074244
-0.073909
-0.073573
-0.073236
-0.072898
-0.072559
-0.07222
-0.071879
-0.071537
-0.071194
-0.07085
-0.070506
-0.07016
-0.069813
-0.069465
-0.069117
-0.068767
-0.068416
-0.068064
-0.067712
-0.067358
-0.067003
-0.066648
-0.066291
-0.065933
-0.065575
-0.065215
-0.064855
-0.064493
-0.064131
-0.063767
-0.063402
-0.063037
-0.062671
-0.062303
-0.061935
-0.061565
-0.061195
-0.060824
-0.060451
-0.060078
-0.059704
-0.059328
-0.058952
-0.058575
-0.058197
-0.057817
-0.057437
-0.057056
-0.056674
-0.056291
-0.055907
-0.055522
-0.055136
-0.054749
-0.054361
-0.053972
-0.053582
-0.053192
-0.0528
-0.052407
-0.052013
-0.051619
-0.051223
-0.050826
-0.050429
-0.05003
-0.049631
-0.04923
-0.048829
-0.048426
-0.048023
-0.047618
-0.047213
-0.046807
-0.0464
-0.045991
-0.045582
-0.045172
-0.044761
-0.044349
-0.043936
-0.043522
-0.043107
-0.042691
-0.042274
-0.041856
-0.041438
-0.041018
-0.040597
-0.040175
-0.039753
-0.039329
-0.038905
-0.038479
-0.038053
-0.037625
-0.037197
-0.036768
-0.036337
-0.035906
-0.035474
-0.035041
-0.034607
-0.034172
-0.033736
-0.033299
-0.032861
-0.032422
-0.031982
-0.031542
-0.0311
-0.030657
-0.030214
-0.029769
-0.029323
-0.028877
-0.02843
-0.027981
-0.027532
-0.027082
-0.02663
-0.026178
-0.025725
-0.025271
-0.024816
-0.02436
-0.023903
-0.023445
-0.022987
-0.022527
-0.022066
-0.021605
-0.021142
-0.020679
-0.020214
-0.019749
-0.019282
-0.018815
-0.018347
-0.017878
-0.017407
-0.016936
-0.016464
-0.015991
-0.015517
-0.015043
-0.014567
-0.01409
-0.013612
-0.013134
-0.012654
-0.012174
-0.011692
-0.01121
-0.010727
-0.010242
-0.0097571
-0.009271
-0.0087839
-0.0082959
-0.0078069
-0.007317
-0.0068262
-0.0063344
-0.0058417
-0.005348
-0.0048534
-0.0043579
-0.0038614
-0.003364
-0.0028656
-0.0023663
-0.0018661
-0.001365
-0.00086286
-0.00035983
0.00014414
0.00064905
0.0011549
0.0016617
0.0021694
0.002678
0.0031876
0.0036982
0.0042096
0.004722
0.0052353
0.0057496
0.0062648
0.0067809
0.007298
0.007816
0.0083349
0.0088548
0.0093756
0.0098973
0.01042
0.010944
0.011468
0.011994
0.01252
0.013047
0.013576
0.014105
0.014635
0.015166
0.015698
0.016231
0.016765
0.0173
0.017835
0.018372
0.01891
0.019448
0.019988
0.020528
0.021069
0.021611
0.022155
0.022699
0.023244
0.02379
0.024337
0.024884
0.025433
0.025983
0.026534
0.027085
0.027638
0.028191
0.028745
0.029301
0.029857
0.030414
0.030972
0.031531
0.032091
0.032652
0.033213
0.033776
0.03434
0.034904
0.03547
0.036036
0.036603
0.037172
0.037741
0.038311
0.038882
0.039454
0.040027
0.040601
0.041176
0.041751
