0.033974
0.033974
0.034017
0.03406
0.034105
0.03415
0.034196
0.034243
0.03429
0.034338
0.034387
0.034436
0.034486
0.034537
0.034589
0.034641
0.034694
0.034748
0.034803
0.034858
0.034914
0.03497
0.035027
0.035085
0.035144
0.035204
0.035264
0.035324
0.035386
0.035448
0.035511
0.035575
0.035639
0.035704
0.03577
0.035836
0.035903
0.035971
0.03604
0.036109
0.036179
0.036249
0.036321
0.036393
0.036465
0.036539
0.036613
0.036687
0.036763
0.036839
0.036916
0.036993
0.037071
0.03715
0.03723
0.03731
0.037391
0.037473
0.037555
0.037638
0.037722
0.037806
0.037891
0.037977
0.038063
0.03815
0.038238
0.038327
0.038416
0.038505
0.038596
0.038687
0.038779
0.038871
0.038965
0.039058
0.039153
0.039248
0.039344
0.039441
0.039538
0.039636
0.039734
0.039834
0.039933
0.040034
0.040135
0.040237
0.04034
0.040443
0.040547
0.040651
0.040757
0.040863
0.040969
0.041076
0.041184
0.041293
0.041402
0.041512
0.041622
0.041734
0.041846
0.041958
0.042071
0.042185
0.0423
0.042415
0.042531
0.042647
0.042764
0.042882
0.043
0.043119
0.043239
0.04336
0.043481
0.043602
0.043725
0.043848
0.043971
0.044095
0.04422
0.044346
0.044472
0.044599
0.044727
0.044855
0.044984
0.045113
0.045243
0.045374
0.045505
0.045637
0.04577
0.045903
0.046037
0.046172
0.046307
0.046443
0.04658
0.046717
0.046855
0.046993
0.047132
0.047272
0.047412
0.047553
0.047695
0.047837
0.04798
0.048123
0.048268
0.048412
0.048558
0.048704
0.04885
0.048998
0.049146
0.049294
0.049443
0.049593
0.049744
0.049895
0.050047
0.050199
0.050352
0.050505
0.05066
0.050814
0.05097
0.051126
0.051283
0.05144
0.051598
0.051757
0.051916
0.052076
0.052236
0.052397
0.052559
0.052721
0.052884
0.053047
0.053212
0.053376
0.053542
0.053708
0.053874
0.054042
0.054209
0.054378
0.054547
0.054717
0.054887
0.055058
0.055229
0.055401
0.055574
0.055747
0.055921
0.056096
0.056271
0.056447
0.056623
0.0568
0.056978
0.057156
0.057335
0.057514
0.057694
0.057875
0.058056
0.058238
0.058421
0.058604
0.058787
0.058971
0.059156
0.059342
0.059528
0.059715
0.059902
0.06009
0.060278
0.060467
0.060657
0.060847
0.061038
0.061229
0.061421
0.061614
0.061807
0.062001
0.062195
0.06239
0.062586
0.062782
0.062979
0.063176
0.063374
0.063573
0.063772
0.063972
0.064172
0.064373
0.064575
0.064777
0.064979
0.065183
0.065387
0.065591
0.065796
0.066002
0.066208
0.066415
0.066622
0.06683
0.067039
0.067248
0.067458
0.067668
0.067879
0.06809
0.068302
0.068515
0.068728
0.068942
0.069156
0.069371
0.069587
0.069803
0.07002
0.070237
0.070455
0.070673
0.070892
0.071112
0.071332
0.071553
0.071774
0.071996
0.072219
0.072442
0.072665
0.072889
0.073114
0.07334
0.073566
0.073792
0.074019
0.074247
0.074475
0.074704
0.074933
0.075163
0.075393
0.075625
0.075856
0.076088
0.076321
0.076555
0.076788
0.077023
0.077258
0.077494
0.07773
0.077966
0.078204
0.078442
0.07868
0.078919
0.079159
0.079399
0.07964
0.079881
0.080123
0.080365
0.080608
0.080852
0.081096
0.08134
0.081585
0.081831
0.082078
0.082324
0.082572
0.08282
0.083068
0.083318
0.083567
0.083818
0.084068
0.08432
0.084572
0.084824
0.085077
0.085331
0.085585
0.08584
0.086095
0.086351
0.086607
0.086864
0.087122
0.08738
0.087638
0.087897
0.088157
0.088417
0.088678
0.088939
0.089201
0.089464
0.089727
0.08999
0.090255
0.090519
0.090784
0.09105
0.091317
0.091583
0.091851
0.092119
0.092387
0.092656
0.092926
0.093196
0.093467
0.093738
0.09401
0.094282
0.094555
0.094829
0.095103
0.095377
0.095653
0.095928
0.096204
0.096481
0.096758
0.097036
0.097315
0.097594
0.097873
0.098153
0.098434
0.098715
0.098996
0.099279
0.099561
0.099845
0.10013
0.10041
0.1007
0.10098
0.10127
0.10156
0.10184
0.10213
0.10242
0.10271
0.103
0.10329
0.10358
0.10387
0.10416
0.10445
0.10474
0.10504
0.10533
0.10562
0.10592
0.10621
0.10651
0.10681
0.1071
0.1074
0.1077
0.108
0.1083
0.10859
0.10889
0.1092
0.1095
0.1098
0.1101
0.1104
0.11071
0.11101
0.11131
0.11162
0.11192
0.11223
0.11254
0.11284
0.11315
0.11346
0.11377
0.11408
0.11439
0.1147
0.11501
0.11532
0.11563
0.11594
0.11626
0.11657
0.11688
0.1172
0.11751
0.11783
0.11814
0.11846
0.11878
0.1191
0.11941
0.11973
0.12005
0.12037
0.12069
0.12101
0.12133
0.12166
0.12198
0.1223
0.12263
0.12295
0.12327
0.1236
0.12393
0.12425
0.12458
0.12491
0.12523
0.12556
0.12589
0.12622
0.12655
0.12688
0.12721
0.12754
0.12788
0.12821
0.12854
0.12887
0.12921
0.12954
0.12988
0.13021
0.13055
0.13089
0.13123
0.13156
0.1319
0.13224
0.13258
0.13292
0.13326
0.1336
0.13394
0.13429
0.13463
0.13497
0.13531
0.13566
0.136
0.13635
0.1367
0.13704
0.13739
0.13774
0.13808
0.13843
0.13878
0.13913
0.13948
0.13983
0.14018
0.14054
0.14089
0.14124
0.14159
0.14195
0.1423
0.14266
0.14301
0.14337
0.14372
0.14408
0.14444
0.1448
0.14516
0.14552
0.14587
0.14624
0.1466
0.14696
0.14732
0.14768
0.14804
0.14841
0.14877
0.14914
0.1495
0.14987
0.15023
0.1506
0.15097
0.15133
0.1517
0.15207
0.15244
0.15281
0.15318
0.15355
0.15392
0.1543
0.15467
0.15504
0.15541
0.15579
0.15616
0.15654
0.15691
0.15729
0.15767
0.15804
0.15842
0.1588
0.15918
0.15956
0.15994
0.16032
0.1607
0.16108
0.16147
0.16185
0.16223
0.16262
0.163
0.16338
0.16377
0.16416
0.16454
0.16493
0.16532
0.16571
0.16609
0.16648
0.16687
0.16726
0.16765
0.16805
0.16844
0.16883
0.16922
0.16962
0.17001
0.17041
0.1708
0.1712
0.17159
0.17199
0.17239
0.17279
0.17318
0.17358
0.17398
0.17438
0.17478
0.17518
0.17559
0.17599
0.17639
0.17679
0.1772
0.1776
0.17801
0.17841
0.17882
0.17923
0.17963
0.18004
0.18045
0.18086
0.18127
0.18168
0.18209
0.1825
0.18291
0.18332
0.18374
0.18415
0.18456
0.18498
0.18539
0.18581
0.18623
0.18664
0.18706
0.18748
0.1879
0.18832
0.18873
0.18915
0.18958
0.19
0.19042
0.19084
0.19126
0.19169
0.19211
0.19254
0.19296
0.19339
0.19381
0.19424
0.19467
0.1951
0.19552
0.19595
0.19638
0.19681
0.19724
0.19768
0.19811
0.19854
0.19897
0.19941
0.19984
0.20028
0.20071
0.20115
0.20158
0.20202
0.20246
0.2029
0.20334
0.20378
0.20422
0.20466
0.2051
0.20554
0.20598
0.20642
0.20687
0.20731
0.20776
0.2082
0.20865
0.20909
0.20954
0.20999
0.21044
0.21089
0.21134
0.21179
0.21224
0.21269
0.21314
0.21359
0.21404
0.2145
0.21495
0.21541
0.21586
0.21632
0.21677
0.21723
0.21769
0.21815
0.21861
0.21907
0.21953
0.21999
0.22045
0.22091
0.22137
0.22184
0.2223
0.22276
0.22323
0.2237
0.22416
0.22463
0.2251
0.22556
0.22603
0.2265
0.22697
0.22744
0.22791
0.22838
0.22886
0.22933
0.2298
0.23028
0.23075
0.23123
0.2317
0.23218
0.23266
0.23314
0.23362
0.23409
0.23457
0.23505
0.23554
0.23602
0.2365
0.23698
0.23747
0.23795
0.23844
0.23892
0.23941
0.23989
0.24038
0.24087
0.24136
0.24185
0.24234
0.24283
0.24332
0.24381
0.24431
0.2448
0.24529
0.24579
0.24628
0.24678
0.24727
0.24777
0.24827
0.24877
0.24927
0.24977
0.25027
0.25077
0.25127
0.25177
0.25228
0.25278
0.25329
0.25379
0.2543
0.2548
0.25531
0.25582
0.25633
0.25684
0.25735
0.25786
0.25837
0.25888
0.25939
0.25991
0.26042
0.26093
0.26145
0.26197
0.26248
0.263
0.26352
0.26404
0.26456
0.26508
0.2656
0.26612
0.26664
0.26717
0.26769
0.26821
0.26874
0.26927
0.26979
0.27032
0.27085
0.27138
0.27191
0.27244
0.27297
0.2735
0.27403
0.27456
0.2751
0.27563
0.27617
0.2767
0.27724
0.27778
0.27832
0.27886
0.2794
0.27994
0.28048
0.28102
0.28156
0.2821
0.28265
0.28319
0.28374
0.28429
0.28483
0.28538
0.28593
0.28648
0.28703
0.28758
0.28813
0.28868
0.28924
0.28979
0.29035
0.2909
0.29146
0.29202
0.29257
0.29313
0.29369
0.29425
0.29481
0.29538
0.29594
0.2965
0.29707
0.29763
0.2982
0.29876
0.29933
0.2999
0.30047
0.30104
0.30161
0.30218
0.30275
0.30332
0.3039
0.30447
0.30505
0.30563
0.3062
0.30678
0.30736
0.30794
0.30852
0.3091
0.30968
0.31027
0.31085
0.31143
0.31202
0.31261
0.31319
0.31378
0.31437
0.31496
0.31555
0.31614
0.31673
0.31733
0.31792
0.31852
0.31911
0.31971
0.32031
0.32091
0.3215
0.32211
0.32271
0.32331
0.32391
0.32452
0.32512
0.32573
0.32633
0.32694
0.32755
0.32816
0.32877
0.32938
0.32999
0.3306
0.33122
0.33183
0.33245
0.33306
0.33368
0.3343
0.33492
0.33554
0.33616
0.33678
0.33741
0.33803
0.33865
0.33928
0.33991
0.34054
0.34116
0.34179
0.34242
0.34306
0.34369
0.34432
0.34496
0.34559
0.34623
0.34687
0.34751
0.34815
0.34879
0.34943
0.35007
0.35071
0.35136
0.352
0.35265
0.3533
0.35395
0.3546
0.35525
0.3559
0.35655
0.35721
0.35786
0.35852
0.35917
0.35983
0.36049
0.36115
0.36181
0.36247
0.36314
0.3638
0.36447
0.36513
0.3658
0.36647
0.36714
0.36781
0.36848
0.36916
0.36983
0.37051
0.37118
0.37186
0.37254
0.37322
0.3739
0.37458
0.37526
0.37595
0.37663
0.37732
0.37801
0.3787
0.37939
0.38008
0.38077
0.38146
0.38216
0.38285
0.38355
0.38425
0.38495
0.38565
0.38635
0.38705
0.38776
0.38846
0.38917
0.38987
0.39058
0.39129
0.392
0.39272
0.39343
0.39415
0.39486
0.39558
0.3963
0.39702
0.39774
0.39846
0.39918
0.39991
0.40064
0.40136
0.40209
0.40282
0.40355
0.40429
0.40502
0.40575
0.40649
0.40723
0.40797
0.40871
0.40945
0.41019
0.41094
0.41168
0.41243
0.41318
0.41393
0.41468
0.41543
0.41619
0.41694
0.4177
0.41846
0.41921
0.41998
0.42074
0.4215
0.42227
0.42303
0.4238
0.42457
0.42534
0.42611
0.42689
0.42766
0.42844
0.42921
0.42999
0.43077
0.43156
0.43234
0.43313
0.43391
0.4347
0.43549
0.43628
0.43707
0.43787
0.43866
0.43946
0.44026
0.44106
0.44186
0.44266
0.44347
0.44427
0.44508
0.44589
0.4467
0.44752
0.44833
0.44915
0.44996
0.45078
0.4516
0.45243
0.45325
0.45407
0.4549
0.45573
0.45656
0.45739
0.45823
0.45906
0.4599
0.46074
0.46158
0.46242
0.46326
0.46411
0.46496
0.46581
0.46666
0.46751
0.46836
0.46922
0.47008
0.47094
0.4718
0.47266
0.47352
0.47439
0.47526
0.47613
0.477
0.47787
0.47875
0.47963
0.48051
0.48139
0.48227
0.48315
0.48404
0.48493
0.48582
0.48671
0.48761
0.4885
0.4894
0.4903
0.4912
0.4921
0.49301
0.49392
0.49483
0.49574
0.49665
0.49757
0.49848
0.4994
0.50033
0.50125
0.50217
0.5031
0.50403
0.50496
0.5059
0.50683
0.50777
0.50871
0.50965
0.5106
0.51154
0.51249
0.51344
0.51439
0.51535
0.5163
0.51726
0.51822
0.51919
0.52015
0.52112
0.52209
0.52306
0.52404
0.52501
0.52599
0.52697
0.52795
0.52894
0.52993
0.53092
0.53191
0.5329
0.5339
0.5349
0.5359
0.53691
0.53791
0.53892
0.53993
0.54095
0.54196
0.54298
0.544
0.54502
0.54605
0.54708
0.54811
0.54914
0.55017
0.55121
0.55225
0.5533
0.55434
0.55539
0.55644
0.55749
0.55855
0.55961
0.56067
0.56173
0.5628
0.56386
0.56494
0.56601
0.56709
0.56816
0.56925
0.57033
0.57142
0.57251
0.5736
0.5747
0.57579
0.5769
0.578
0.57911
0.58021
0.58133
0.58244
0.58356
0.58468
0.5858
0.58693
0.58806
0.58919
0.59033
0.59146
0.59261
0.59375
0.5949
0.59605
0.5972
0.59835
0.59951
0.60068
0.60184
0.60301
0.60418
0.60535
0.60653
0.60771
0.60889
0.61008
0.61127
0.61246
0.61366
0.61486
0.61606
0.61727
0.61848
0.61969
0.6209
0.62212
0.62335
0.62457
0.6258
0.62703
0.62827
0.62951
0.63075
0.632
0.63324
0.6345
0.63575
0.63701
0.63828
0.63954
0.64081
0.64209
0.64336
0.64465
0.64593
0.64722
0.64851
0.64981
0.6511
0.65241
0.65371
0.65502
0.65634
0.65766
0.65898
0.6603
0.66163
0.66296
0.6643
0.66564
0.66699
0.66833
0.66969
0.67104
0.6724
0.67377
0.67513
0.67651
0.67788
0.67926
0.68065
0.68203
0.68343
0.68482
0.68622
0.68763
0.68904
0.69045
0.69187
0.69329
0.69472
0.69615
0.69758
0.69902
0.70046
0.70191
0.70336
0.70482
0.70628
0.70775
0.70922
0.71069
0.71217
0.71365
0.71514
0.71663
0.71813
0.71963
0.72114
0.72265
0.72416
0.72568
0.72721
0.72874
0.73027
0.73181
0.73336
0.73491
0.73646
0.73802
0.73959
0.74115
0.74273
0.74431
0.74589
0.74748
0.74908
0.75067
0.75228
0.75389
0.7555
0.75712
0.75875
0.76038
0.76202
0.76366
0.7653
0.76696
0.76861
0.77028
0.77194
0.77362
0.7753
0.77698
0.77867
0.78037
0.78207
0.78378
0.78549
0.78721
0.78893
0.79066
0.7924
0.79414
0.79589
0.79764
0.7994
0.80116
0.80294
0.80471
0.8065
0.80829
0.81008
0.81188
0.81369
0.8155
0.81732
0.81915
0.82098
0.82282
0.82467
0.82652
0.82838
0.83024
0.83211
0.83399
0.83587
0.83776
0.83966
0.84157
0.84348
0.84539
0.84732
0.84925
0.85119
0.85313
0.85508
0.85704
0.85901
0.86098
0.86296
0.86494
0.86694
0.86894
0.87095
0.87296
0.87498
0.87701
0.87905
0.8811
0.88315
0.88521
0.88727
0.88935
0.89143
0.89352
0.89562
0.89772
0.89983
0.90195
0.90408
0.90622
0.90836
0.91051
0.91267
0.91484
0.91702
0.9192
0.92139
0.92359
0.9258
0.92802
0.93024
0.93248
0.93472
0.93697
0.93923
0.9415
0.94377
0.94606
0.94835
0.95065
0.95296
0.95528
0.95761
0.95995
0.9623
0.96465
0.96701
0.96939
0.97177
0.97416
0.97656
0.97897
0.98139
0.98382
0.98626
0.98871
0.99117
0.99363
0.99611
0.9986
1.0011
1.0036
1.0061
1.0086
1.0112
1.0137
1.0163
1.0188
1.0214
1.024
1.0266
1.0292
1.0318
1.0345
1.0371
1.0397
1.0424
1.0451
1.0478
1.0504
1.0532
1.0559
1.0586
1.0613
1.0641
1.0668
1.0696
1.0724
1.0752
1.078
1.0808
1.0836
1.0865
1.0893
1.0922
1.095
1.0979
1.1008
1.1037
1.1066
1.1096
1.1125
1.1155
1.1185
1.1214
1.1244
1.1274
1.1305
1.1335
1.1365
1.1396
1.1427
1.1457
1.1488
1.1519
1.1551
1.1582
1.1613
1.1645
1.1677
1.1709
1.1741
1.1773
1.1805
1.1838
1.187
1.1903
1.1936
1.1969
1.2002
1.2035
1.2069
1.2102
1.2136
1.217
1.2204
1.2238
1.2272
1.2306
1.2341
1.2376
1.2411
1.2446
1.2481
1.2516
1.2552
1.2587
1.2623
1.2659
1.2695
1.2731
1.2768
1.2804
1.2841
1.2878
1.2915
1.2952
1.299
1.3027
1.3065
1.3103
1.3141
1.3179
1.3218
1.3256
1.3295
1.3334
1.3373
1.3412
1.3452
1.3491
1.3531
1.3571
1.3611
1.3652
1.3692
1.3733
1.3774
1.3815
1.3856
1.3897
1.3939
1.3981
1.4023
1.4065
1.4107
1.415
1.4192
1.4235
1.4278
1.4322
1.4365
1.4409
1.4453
1.4497
1.4541
1.4586
1.463
1.4675
1.472
1.4766
1.4811
1.4857
1.4903
1.4949
1.4995
1.5042
1.5089
1.5136
1.5183
1.523
1.5278
1.5326
1.5374
1.5422
1.547
1.5519
1.5568
1.5617
1.5667
1.5716
1.5766
1.5816
1.5866
1.5917
1.5968
1.6019
1.607
1.6121
1.6173
1.6225
1.6277
1.6329
1.6382
1.6435
1.6488
1.6541
1.6595
1.6649
1.6703
1.6757
1.6812
1.6866
1.6921
1.6977
1.7032
1.7088
1.7144
1.72
1.7257
1.7314
1.7371
1.7428
1.7486
1.7544
1.7602
1.766
1.7719
1.7778
1.7837
1.7896
1.7956
1.8016
1.8076
1.8137
1.8198
1.8259
1.832
1.8382
1.8444
1.8506
1.8568
1.8631
1.8694
1.8757
1.8821
1.8885
1.8949
1.9013
1.9078
1.9143
1.9208
1.9274
1.934
1.9406
1.9472
1.9539
1.9606
1.9673
1.9741
1.9809
1.9877
1.9946
2.0014
2.0084
2.0153
2.0223
2.0293
2.0363
2.0433
2.0504
2.0576
2.0647
2.0719
2.0791
2.0863
2.0936
2.1009
2.1082
2.1156
2.123
2.1304
2.1379
2.1454
2.1529
2.1604
2.168
2.1756
2.1833
2.1909
2.1986
2.2064
2.2141
2.2219
2.2298
2.2376
2.2455
2.2534
2.2614
2.2694
2.2774
2.2854
2.2935
2.3016
2.3098
2.3179
2.3261
2.3344
2.3426
2.3509
2.3593
2.3676
2.376
2.3844
2.3929
2.4014
2.4099
2.4184
2.427
2.4356
2.4442
2.4529
2.4616
2.4703
2.4791
2.4879
2.4967
2.5055
2.5144
2.5233
2.5322
2.5412
2.5502
2.5592
2.5683
2.5773
2.5864
2.5956
2.6047
2.6139
2.6232
2.6324
2.6417
2.651
2.6603
2.6697
2.679
2.6885
2.6979
2.7074
2.7168
2.7264
2.7359
2.7455
2.755
2.7647
2.7743
2.7839
2.7936
2.8033
2.8131
2.8228
2.8326
2.8424
2.8522
2.862
2.8719
2.8818
2.8917
2.9016
2.9115
2.9215
2.9315
2.9415
2.9515
2.9615
2.9715
2.9816
2.9917
3.0018
3.0119
3.022
3.0321
3.0423
3.0524
3.0626
3.0728
3.083
3.0932
3.1034
3.1136
3.1238
3.1341
3.1443
3.1546
3.1648
3.1751
3.1854
3.1957
3.2059
3.2162
3.2265
3.2368
3.2471
3.2573
3.2676
3.2779
3.2882
3.2985
3.3087
3.319
3.3293
3.3395
3.3498
3.36
3.3702
3.3805
3.3907
3.4009
3.411
3.4212
3.4314
3.4415
3.4517
3.4618
3.4719
3.4819
3.492
3.502
3.512
3.522
3.532
3.5419
3.5518
3.5617
3.5716
3.5814
3.5912
3.601
3.6107
3.6204
3.6301
3.6397
3.6493
3.6589
3.6684
3.6779
3.6873
3.6967
3.7061
3.7154
3.7247
3.7339
3.7431
3.7522
3.7613
3.7703
3.7792
3.7882
3.797
3.8058
3.8146
3.8233
3.8319
3.8405
3.849
3.8574
3.8658
3.8741
3.8823
3.8905
3.8986
3.9067
3.9146
3.9225
3.9304
3.9381
3.9458
3.9534
3.9609
3.9683
3.9757
3.9829
3.9901
3.9972
4.0042
4.0112
4.018
4.0247
4.0314
4.038
4.0445
4.0508
4.0571
4.0633
4.0694
4.0754
4.0813
4.0871
4.0928
4.0984
4.1039
4.1093
4.1146
4.1198
4.1248
4.1298
4.1347
4.1394
4.1441
4.1486
4.153
4.1573
4.1615
4.1656
4.1695
4.1734
4.1771
4.1807
4.1842
4.1875
4.1908
4.1939
4.1969
4.1998
4.2026
4.2052
4.2077
4.2101
4.2124
4.2145
4.2166
4.2185
4.2202
4.2219
4.2234
4.2248
4.226
4.2272
4.2282
4.229
4.2298
4.2304
4.2309
4.2312
4.2315
4.2316
4.2315
4.2314
4.2311
4.2307
4.2301
4.2295
4.2287
4.2277
4.2267
4.2255
4.2241
4.2227
4.2211
4.2194
4.2176
4.2156
4.2135
4.2113
4.209
4.2065
4.2039
4.2012
4.1983
4.1954
4.1923
4.189
4.1857
4.1822
4.1787
4.1749
4.1711
4.1672
4.1631
4.1589
4.1546
4.1502
4.1457
4.141
4.1362
4.1314
4.1264
4.1213
4.116
4.1107
4.1053
4.0997
4.0941
4.0883
4.0824
4.0765
4.0704
4.0642
4.0579
4.0515
4.045
4.0384
4.0318
4.025
4.0181
4.0111
4.0041
3.9969
3.9896
3.9823
3.9749
3.9673
3.9597
3.952
3.9443
3.9364
3.9284
3.9204
3.9123
3.9041
3.8958
3.8875
3.8791
3.8706
3.862
3.8534
3.8447
3.8359
3.827
3.8181
3.8091
3.8001
3.791
3.7818
3.7725
3.7633
3.7539
3.7445
3.735
3.7255
3.7159
3.7063
3.6966
3.6868
3.677
3.6672
3.6573
3.6474
3.6374
3.6274
3.6173
3.6072
3.5971
3.5869
3.5767
3.5664
3.5561
3.5458
3.5354
3.525
3.5146
3.5041
3.4936
3.4831
3.4725
3.4619
3.4513
3.4407
3.4301
3.4194
3.4087
3.398
3.3872
3.3765
3.3657
3.3549
3.3441
3.3332
3.3224
3.3116
3.3007
3.2898
3.2789
3.268
3.2571
3.2462
3.2353
3.2243
3.2134
3.2024
3.1915
3.1805
3.1696
3.1586
3.1477
3.1367
3.1257
3.1148
3.1038
3.0929
3.0819
3.071
3.06
3.0491
3.0381
3.0272
3.0163
3.0054
2.9944
2.9835
2.9727
2.9618
2.9509
2.94
2.9292
2.9183
2.9075
2.8967
2.8859
2.8751
2.8643
2.8535
2.8428
2.8321
2.8213
2.8106
2.8
2.7893
2.7786
2.768
2.7574
2.7468
2.7362
2.7257
2.7151
2.7046
2.6941
2.6836
2.6732
2.6627
2.6523
2.6419
2.6316
2.6212
2.6109
2.6006
2.5903
2.58
2.5698
2.5596
2.5494
2.5393
2.5291
2.519
2.5089
2.4989
2.4888
2.4788
2.4688
2.4589
2.4489
2.439
2.4292
2.4193
2.4095
2.3997
2.3899
2.3801
2.3704
2.3607
2.3511
2.3414
2.3318
2.3222
2.3127
2.3031
2.2936
2.2842
2.2747
2.2653
2.2559
2.2466
2.2372
2.2279
2.2186
2.2094
2.2002
2.191
2.1818
2.1727
2.1636
2.1545
2.1454
2.1364
2.1274
2.1185
2.1095
2.1006
2.0917
2.0829
2.0741
2.0653
2.0565
2.0478
2.0391
2.0304
2.0217
2.0131
2.0045
1.9959
1.9874
1.9789
1.9704
1.9619
1.9535
1.9451
1.9367
1.9284
1.9201
1.9118
1.9035
1.8953
1.8871
1.8789
1.8707
1.8626
1.8545
1.8464
1.8384
1.8303
1.8223
1.8144
1.8064
1.7985
1.7906
1.7828
1.7749
1.7671
1.7593
1.7516
1.7438
1.7361
1.7285
1.7208
1.7132
1.7056
1.698
1.6904
1.6829
1.6754
1.6679
1.6604
1.653
1.6456
1.6382
1.6308
1.6235
1.6162
1.6089
1.6016
1.5944
1.5872
1.58
1.5728
1.5657
1.5585
1.5514
1.5443
1.5373
1.5302
1.5232
1.5162
1.5093
1.5023
1.4954
1.4885
1.4816
1.4747
1.4679
1.4611
1.4543
1.4475
1.4407
1.434
1.4273
1.4206
1.4139
1.4072
1.4006
1.394
1.3874
1.3808
1.3742
1.3677
1.3612
1.3547
1.3482
1.3417
1.3353
1.3289
1.3224
1.316
1.3097
1.3033
1.297
1.2907
1.2844
1.2781
1.2718
1.2656
1.2593
1.2531
1.2469
1.2407
1.2345
1.2284
1.2223
1.2161
1.21
1.204
1.1979
1.1918
1.1858
1.1798
1.1737
1.1677
1.1618
1.1558
1.1499
1.1439
1.138
1.1321
1.1262
1.1203
1.1144
1.1086
1.1027
1.0969
1.0911
1.0853
1.0795
1.0737
1.068
1.0622
1.0565
1.0508
1.0451
1.0394
1.0337
1.028
1.0223
1.0167
1.011
1.0054
0.99978
0.99418
0.98858
0.98299
0.97742
0.97185
0.9663
0.96075
0.95522
0.94969
0.94418
0.93867
0.93318
0.92769
0.92222
0.91675
0.91129
0.90584
0.9004
0.89497
0.88955
0.88414
0.87873
0.87333
0.86794
0.86256
0.85719
0.85183
0.84647
0.84112
0.83577
0.83044
0.82511
0.81979
0.81448
0.80917
0.80387
0.79857
0.79328
0.788
0.78273
0.77746
0.77219
0.76694
0.76168
0.75644
0.7512
0.74596
0.74073
0.73551
0.73029
0.72507
0.71986
0.71465
0.70945
0.70425
0.69906
0.69387
0.68869
0.68351
0.67833
0.67315
0.66798
0.66282
0.65765
0.65249
0.64734
0.64218
0.63703
0.63188
0.62674
0.62159
0.61645
0.61131
0.60617
0.60104
0.59591
0.59077
0.58564
0.58052
0.57539
0.57026
0.56514
0.56001
0.55489
0.54977
0.54465
0.53953
0.53441
0.52929
0.52417
0.51905
0.51393
0.50881
0.50369
0.49857
0.49345
0.48833
0.4832
0.47808
0.47296
0.46783
0.46271
0.45758
0.45245
0.44732
0.44219
0.43705
0.43192
0.42678
0.42164
0.41649
0.41135
0.4062
0.40105
0.3959
0.39074
0.38559
0.38042
0.37526
0.37009
0.36492
0.35974
0.35456
0.34938
0.34419
0.339
0.33381
0.32861
0.3234
0.3182
0.31298
0.30777
0.30254
0.29732
0.29208
0.28684
0.2816
0.27635
0.2711
0.26584
0.26057
0.2553
0.25002
0.24474
0.23945
0.23415
0.22885
0.22354
0.21822
0.21289
0.20756
0.20222
0.19688
0.19152
0.18616
0.1808
0.17542
0.17004
0.16464
0.15924
0.15383
0.14842
0.14299
0.13756
0.13211
0.12666
0.1212
0.11573
0.11025
0.10476
0.099263
0.093755
0.088237
0.082709
0.077171
0.071623
0.066064
0.060495
0.054916
0.049326
0.043725
0.038113
0.03249
0.026856
0.021211
0.015554
0.0098861
0.0042061
-0.0014858
-0.0071896
-0.012905
-0.018633
-0.024374
-0.030127
-0.035892
-0.04167
-0.047461
-0.053265
-0.059083
-0.064913
-0.070757
-0.076614
-0.082485
-0.088369
-0.094268
-0.10018
-0.10611
-0.11205
-0.118
-0.12397
-0.12996
-0.13596
-0.14197
-0.148
-0.15405
-0.16011
-0.16618
-0.17227
-0.17838
-0.1845
-0.19064
-0.1968
-0.20297
-0.20915
-0.21536
-0.22158
-0.22782
-0.23407
-0.24034
-0.24663
-0.25294
-0.25926
-0.2656
-0.27196
-0.27834
-0.28473
-0.29114
-0.29757
-0.30402
-0.31049
-0.31698
-0.32348
-0.33001
-0.33655
-0.34311
-0.3497
-0.3563
-0.36292
-0.36956
-0.37622
-0.3829
-0.3896
-0.39632
-0.40306
-0.40982
-0.41661
-0.42341
-0.43023
-0.43708
-0.44394
-0.45083
-0.45774
-0.46467
-0.47162
-0.4786
-0.48559
-0.49261
-0.49965
-0.50671
-0.5138
-0.52091
-0.52804
-0.53519
-0.54237
-0.54957
-0.55679
-0.56403
-0.5713
-0.5786
-0.58591
-0.59325
-0.60062
-0.60801
-0.61542
-0.62285
-0.63032
-0.6378
-0.64531
-0.65285
-0.66041
-0.66799
-0.6756
-0.68324
-0.6909
-0.69859
-0.7063
-0.71404
-0.7218
-0.72959
-0.7374
-0.74524
-0.75311
-0.76101
-0.76893
-0.77687
-0.78485
-0.79285
-0.80087
-0.80893
-0.81701
-0.82511
-0.83325
-0.84141
-0.8496
-0.85782
-0.86606
-0.87433
-0.88263
-0.89096
-0.89932
-0.9077
-0.91611
-0.92455
-0.93302
-0.94151
-0.95004
-0.95859
-0.96717
-0.97578
-0.98441
-0.99308
-1.0018
-1.0105
-1.0192
-1.028
-1.0368
-1.0457
-1.0545
-1.0634
-1.0724
-1.0813
-1.0903
-1.0993
-1.1083
-1.1174
-1.1265
-1.1356
-1.1448
-1.154
-1.1632
-1.1724
-1.1817
-1.191
-1.2003
-1.2097
-1.2191
-1.2285
-1.238
-1.2474
-1.2569
-1.2665
-1.276
-1.2856
-1.2952
-1.3049
-1.3146
-1.3243
-1.334
-1.3438
-1.3535
-1.3634
-1.3732
-1.3831
-1.393
-1.4029
-1.4129
-1.4228
-1.4329
-1.4429
-1.453
-1.463
-1.4732
-1.4833
-1.4935
-1.5037
-1.5139
-1.5241
-1.5344
-1.5447
-1.555
-1.5654
-1.5758
-1.5862
-1.5966
-1.607
-1.6175
-1.628
-1.6385
-1.6491
-1.6596
-1.6702
-1.6808
-1.6915
-1.7021
-1.7128
-1.7235
-1.7342
-1.745
-1.7557
-1.7665
-1.7773
-1.7881
-1.7989
-1.8098
-1.8207
-1.8316
-1.8425
-1.8534
-1.8643
-1.8753
-1.8863
-1.8972
-1.9083
-1.9193
-1.9303
-1.9413
-1.9524
-1.9635
-1.9745
-1.9856
-1.9967
-2.0078
-2.0189
-2.0301
-2.0412
-2.0524
-2.0635
-2.0747
-2.0858
-2.097
-2.1082
-2.1193
-2.1305
-2.1417
-2.1529
-2.1641
-2.1752
-2.1864
-2.1976
-2.2088
-2.22
-2.2312
-2.2423
-2.2535
-2.2647
-2.2758
-2.287
-2.2981
-2.3092
-2.3204
-2.3315
-2.3426
-2.3537
-2.3647
-2.3758
-2.3868
-2.3979
-2.4089
-2.4199
-2.4309
-2.4418
-2.4528
-2.4637
-2.4746
-2.4854
-2.4963
-2.5071
-2.5179
-2.5287
-2.5394
-2.5501
-2.5608
-2.5714
-2.5821
-2.5926
-2.6032
-2.6137
-2.6242
-2.6346
-2.645
-2.6554
-2.6657
-2.676
-2.6862
-2.6964
-2.7065
-2.7166
-2.7266
-2.7366
-2.7466
-2.7565
-2.7663
-2.7761
-2.7858
-2.7955
-2.8051
-2.8147
-2.8242
-2.8336
-2.843
-2.8523
-2.8616
-2.8707
-2.8799
-2.8889
-2.8979
-2.9068
-2.9156
-2.9244
-2.9331
-2.9417
-2.9502
-2.9587
-2.9671
-2.9754
-2.9836
-2.9917
-2.9998
-3.0077
-3.0156
-3.0234
-3.0311
-3.0388
-3.0463
-3.0537
-3.0611
-3.0683
-3.0755
-3.0825
-3.0895
-3.0964
-3.1031
-3.1098
-3.1164
-3.1228
-3.1292
-3.1355
-3.1416
-3.1477
-3.1536
-3.1594
-3.1652
-3.1708
-3.1763
-3.1817
-3.187
-3.1922
-3.1972
-3.2022
-3.207
-3.2117
-3.2163
-3.2208
-3.2251
-3.2294
-3.2335
-3.2375
-3.2414
-3.2451
-3.2488
-3.2523
-3.2557
-3.259
-3.2621
-3.2651
-3.268
-3.2708
-3.2734
-3.276
-3.2783
-3.2806
-3.2827
-3.2848
-3.2866
-3.2884
-3.29
-3.2915
-3.2929
-3.2941
-3.2953
-3.2962
-3.2971
-3.2978
-3.2984
-3.2989
-3.2992
-3.2994
-3.2995
-3.2995
-3.2993
-3.299
-3.2986
-3.298
-3.2973
-3.2965
-3.2956
-3.2945
-3.2933
-3.292
-3.2905
-3.289
-3.2873
-3.2854
-3.2835
-3.2814
-3.2792
-3.2769
-3.2745
-3.2719
-3.2692
-3.2664
-3.2635
-3.2605
-3.2573
-3.254
-3.2506
-3.2471
-3.2435
-3.2398
-3.2359
-3.2319
-3.2279
-3.2237
-3.2194
-3.2149
-3.2104
-3.2058
-3.2011
-3.1962
-3.1913
-3.1862
-3.1811
-3.1758
-3.1704
-3.165
-3.1594
-3.1538
-3.148
-3.1421
-3.1362
-3.1302
-3.124
-3.1178
-3.1115
-3.1051
-3.0986
-3.092
-3.0853
-3.0786
-3.0717
-3.0648
-3.0578
-3.0507
-3.0436
-3.0363
-3.029
-3.0216
-3.0141
-3.0066
-2.999
-2.9913
-2.9836
-2.9757
-2.9678
-2.9599
-2.9519
-2.9438
-2.9356
-2.9274
-2.9191
-2.9108
-2.9024
-2.894
-2.8855
-2.8769
-2.8683
-2.8597
-2.851
-2.8422
-2.8334
-2.8245
-2.8156
-2.8067
-2.7977
-2.7887
-2.7796
-2.7705
-2.7613
-2.7521
-2.7429
-2.7336
-2.7243
-2.715
-2.7056
-2.6962
-2.6868
-2.6774
-2.6679
-2.6584
-2.6488
-2.6393
-2.6297
-2.6201
-2.6104
-2.6008
-2.5911
-2.5814
-2.5717
-2.562
-2.5522
-2.5424
-2.5327
-2.5229
-2.5131
-2.5032
-2.4934
-2.4836
-2.4737
-2.4639
-2.454
-2.4442
-2.4343
-2.4244
-2.4145
-2.4046
-2.3947
-2.3848
-2.375
-2.3651
-2.3552
-2.3453
-2.3354
-2.3255
-2.3156
-2.3057
-2.2959
-2.286
-2.2761
-2.2663
-2.2564
-2.2466
-2.2367
-2.2269
-2.2171
-2.2073
-2.1975
-2.1877
-2.1779
-2.1682
-2.1584
-2.1487
-2.139
-2.1293
-2.1196
-2.1099
-2.1003
-2.0906
-2.081
-2.0714
-2.0618
-2.0522
-2.0427
-2.0332
-2.0237
-2.0142
-2.0047
-1.9952
-1.9858
-1.9764
-1.967
-1.9577
-1.9483
-1.939
-1.9297
-1.9204
-1.9112
-1.902
-1.8928
-1.8836
-1.8745
-1.8653
-1.8562
-1.8472
-1.8381
-1.8291
-1.8201
-1.8112
-1.8022
-1.7933
-1.7844
-1.7756
-1.7668
-1.758
-1.7492
-1.7405
-1.7317
-1.7231
-1.7144
-1.7058
-1.6972
-1.6886
-1.6801
-1.6716
-1.6631
-1.6547
-1.6462
-1.6379
-1.6295
-1.6212
-1.6129
-1.6046
-1.5964
-1.5882
-1.58
-1.5719
-1.5638
-1.5557
-1.5476
-1.5396
-1.5316
-1.5237
-1.5158
-1.5079
-1.5
-1.4922
-1.4844
-1.4766
-1.4689
-1.4612
-1.4535
-1.4459
-1.4383
-1.4307
-1.4232
-1.4157
-1.4082
-1.4007
-1.3933
-1.3859
-1.3786
-1.3713
-1.364
-1.3567
-1.3495
-1.3423
-1.3351
-1.328
-1.3209
-1.3138
-1.3068
-1.2998
-1.2928
-1.2859
-1.279
-1.2721
-1.2652
-1.2584
-1.2516
-1.2449
-1.2381
-1.2314
-1.2248
-1.2181
-1.2115
-1.205
-1.1984
-1.1919
-1.1854
-1.179
-1.1726
-1.1662
-1.1598
-1.1535
-1.1472
-1.1409
-1.1347
-1.1285
-1.1223
-1.1161
-1.11
-1.1039
-1.0979
-1.0918
-1.0858
-1.0798
-1.0739
-1.068
-1.0621
-1.0562
-1.0504
-1.0446
-1.0388
-1.0331
-1.0273
-1.0216
-1.016
-1.0103
-1.0047
-0.99915
-0.9936
-0.98807
-0.98258
-0.9771
-0.97166
-0.96624
-0.96085
-0.95549
-0.95015
-0.94484
-0.93956
-0.9343
-0.92907
-0.92386
-0.91868
-0.91353
-0.9084
-0.9033
-0.89823
-0.89318
-0.88815
-0.88315
-0.87818
-0.87323
-0.86831
-0.86341
-0.85853
-0.85368
-0.84886
-0.84406
-0.83928
-0.83453
-0.8298
-0.8251
-0.82042
-0.81576
-0.81113
-0.80652
-0.80194
-0.79738
-0.79284
-0.78832
-0.78383
-0.77936
-0.77492
-0.77049
-0.76609
-0.76171
-0.75736
-0.75303
-0.74871
-0.74443
-0.74016
-0.73591
-0.73169
-0.72749
-0.72331
-0.71915
-0.71501
-0.7109
-0.70681
-0.70273
-0.69868
-0.69465
-0.69064
-0.68665
-0.68268
-0.67873
-0.6748
-0.6709
-0.66701
-0.66314
-0.65929
-0.65547
-0.65166
-0.64787
-0.6441
-0.64035
-0.63662
-0.63291
-0.62922
-0.62555
-0.6219
-0.61826
-0.61465
-0.61105
-0.60747
-0.60392
-0.60038
-0.59685
-0.59335
-0.58986
-0.5864
-0.58295
-0.57951
-0.5761
-0.5727
-0.56933
-0.56597
-0.56262
-0.5593
-0.55599
-0.5527
-0.54942
-0.54616
-0.54292
-0.5397
-0.53649
-0.5333
-0.53013
-0.52697
-0.52383
-0.52071
-0.5176
-0.51451
-0.51143
-0.50837
-0.50533
-0.5023
-0.49928
-0.49629
-0.49331
-0.49034
-0.48739
-0.48446
-0.48154
-0.47863
-0.47574
-0.47287
-0.47001
-0.46716
-0.46433
-0.46152
-0.45872
-0.45593
-0.45316
-0.4504
-0.44766
-0.44493
-0.44222
-0.43952
-0.43683
-0.43416
-0.4315
-0.42886
-0.42622
-0.42361
-0.421
-0.41841
-0.41584
-0.41327
-0.41072
-0.40819
-0.40566
-0.40315
-0.40066
-0.39817
-0.3957
-0.39324
-0.3908
-0.38836
-0.38594
-0.38354
-0.38114
-0.37876
-0.37639
-0.37403
-0.37168
-0.36935
-0.36703
-0.36472
-0.36242
-0.36013
-0.35786
-0.3556
-0.35335
-0.35111
-0.34888
-0.34666
-0.34446
-0.34227
-0.34009
-0.33792
-0.33576
-0.33361
-0.33147
-0.32935
-0.32723
-0.32513
-0.32304
-0.32096
-0.31889
-0.31683
-0.31478
-0.31274
-0.31071
-0.30869
-0.30668
-0.30469
-0.3027
-0.30072
-0.29876
-0.2968
-0.29486
-0.29292
-0.29099
-0.28908
-0.28717
-0.28528
-0.28339
-0.28152
-0.27965
-0.27779
-0.27594
-0.27411
-0.27228
-0.27046
-0.26865
-0.26685
-0.26506
-0.26328
-0.26151
-0.25974
-0.25799
-0.25624
-0.25451
-0.25278
-0.25106
-0.24936
-0.24766
-0.24596
-0.24428
-0.24261
-0.24094
-0.23929
-0.23764
-0.236
-0.23437
-0.23275
-0.23113
-0.22953
-0.22793
-0.22634
-0.22476
-0.22319
-0.22162
-0.22007
-0.21852
-0.21698
-0.21545
-0.21392
-0.2124
-0.2109
-0.2094
-0.2079
-0.20642
-0.20494
-0.20347
-0.20201
-0.20055
-0.19911
-0.19767
-0.19623
-0.19481
-0.19339
-0.19198
-0.19058
-0.18918
-0.1878
-0.18642
-0.18504
-0.18368
-0.18232
-0.18096
-0.17962
-0.17828
-0.17695
-0.17562
-0.17431
-0.173
-0.17169
-0.1704
-0.16911
-0.16782
-0.16655
-0.16527
-0.16401
-0.16275
-0.1615
-0.16026
-0.15902
-0.15779
-0.15657
-0.15535
-0.15414
-0.15293
-0.15173
-0.15054
-0.14935
-0.14817
-0.147
-0.14583
-0.14467
-0.14351
-0.14236
-0.14122
-0.14008
-0.13895
-0.13782
-0.1367
-0.13559
-0.13448
-0.13338
-0.13228
-0.13119
-0.1301
-0.12902
-0.12795
-0.12688
-0.12582
-0.12476
-0.12371
-0.12266
-0.12162
-0.12059
-0.11956
-0.11854
-0.11752
-0.1165
-0.1155
-0.11449
-0.1135
-0.1125
-0.11152
-0.11054
-0.10956
-0.10859
-0.10762
-0.10666
-0.10571
-0.10475
-0.10381
-0.10287
-0.10193
-0.101
-0.10008
-0.099155
-0.098239
-0.097328
-0.096422
-0.095521
-0.094625
-0.093733
-0.092846
-0.091964
-0.091086
-0.090214
-0.089346
-0.088482
-0.087623
-0.086769
-0.08592
-0.085075
-0.084234
-0.083398
-0.082567
-0.08174
-0.080917
-0.080099
-0.079285
-0.078476
-0.077671
-0.076871
-0.076075
-0.075283
-0.074495
-0.073712
-0.072933
-0.072158
-0.071387
-0.070621
-0.069859
-0.0691
-0.068346
-0.067597
-0.066851
-0.066109
-0.065372
-0.064638
-0.063908
-0.063183
-0.062461
-0.061744
-0.06103
-0.06032
-0.059614
-0.058912
-0.058214
-0.05752
-0.05683
-0.056143
-0.05546
-0.054782
-0.054106
-0.053435
-0.052767
-0.052103
-0.051443
-0.050786
-0.050133
-0.049484
-0.048838
-0.048196
-0.047558
-0.046923
-0.046291
-0.045664
-0.045039
-0.044419
-0.043801
-0.043187
-0.042577
-0.04197
-0.041367
-0.040767
-0.04017
-0.039577
-0.038987
-0.038401
-0.037818
-0.037238
-0.036661
-0.036088
-0.035518
-0.034952
-0.034388
-0.033828
-0.033271
-0.032717
-0.032167
-0.031619
-0.031075
-0.030534
-0.029996
-0.029462
-0.02893
-0.028401
-0.027876
-0.027353
-0.026834
-0.026318
-0.025804
-0.025294
-0.024787
-0.024282
-0.023781
-0.023283
-0.022787
-0.022295
-0.021805
-0.021318
-0.020835
-0.020354
-0.019876
-0.0194
-0.018928
-0.018459
-0.017992
-0.017528
-0.017067
-0.016608
-0.016153
-0.0157
-0.01525
-0.014803
-0.014358
-0.013916
-0.013477
-0.01304
-0.012606
-0.012175
-0.011747
-0.011321
-0.010897
-0.010477
-0.010059
-0.0096431
-0.0092301
-0.0088198
-0.008412
-0.0080067
-0.007604
-0.0072037
-0.006806
-0.0064108
-0.0060181
-0.0056279
-0.0052401
-0.0048548
-0.0044719
-0.0040915
-0.0037135
-0.0033379
-0.0029647
-0.0025939
-0.0022254
-0.0018594
-0.0014957
-0.0011343
-0.00077534
-0.00041867
-6.4324e-05
0.00028771
0.00063745
0.0009849
0.0013301
0.001673
0.0020136
0.002352
0.0026881
0.0030221
0.0033537
0.0036832
0.0040105
0.0043356
0.0046585
0.0049792
0.0052978
0.0056142
0.0059284
0.0062406
0.0065506
0.0068584
0.0071642
0.0074679
0.0077695
0.008069
0.0083664
0.0086617
0.008955
0.0092463
0.0095355
0.0098227
0.010108
0.010391
0.010672
0.010951
0.011228
0.011504
0.011777
0.012048
0.012317
0.012585
0.01285
0.013114
0.013375
0.013635
0.013893
0.014149
0.014403
0.014655
0.014905
0.015153
0.0154
0.015645
0.015887
0.016128
0.016368
0.016605
0.016841
0.017074
0.017306
0.017536
0.017765
0.017991
0.018216
0.018439
0.018661
0.01888
0.019098
0.019315
0.019529
0.019742
0.019953
0.020162
0.02037
0.020576
0.02078
0.020983
0.021184
0.021383
0.021581
0.021777
0.021971
0.022164
0.022355
0.022544
0.022732
0.022919
0.023103
0.023287
0.023468
0.023648
0.023827
0.024004
0.024179
0.024353
0.024525
0.024696
0.024865
0.025032
0.025199
0.025363
0.025526
0.025688
0.025848
0.026007
0.026164
0.02632
0.026474
0.026627
0.026778
0.026928
0.027077
0.027224
0.027369
0.027514
0.027656
0.027798
0.027938
0.028076
0.028213
0.028349
0.028484
0.028617
0.028748
0.028879
0.029008
0.029135
0.029262
0.029387
0.02951
0.029632
0.029753
0.029873
0.029991
0.030108
0.030224
0.030338
0.030452
0.030563
0.030674
0.030783
0.030891
0.030998
0.031104
0.031208
0.031311
0.031413
0.031513
0.031613
0.031711
0.031807
0.031903
0.031998
0.032091
0.032183
0.032274
0.032363
0.032452
0.032539
0.032625
0.03271
0.032794
0.032876
0.032958
0.033038
0.033117
0.033195
0.033272
0.033348
0.033423
0.033496
0.033569
0.03364
0.03371
0.033779
0.033847
0.033914
0.03398
0.034044
0.034108
0.034171
0.034232
0.034292
0.034352
0.03441
0.034467
0.034524
0.034579
0.034633
0.034686
0.034738
0.034789
0.034839
0.034888
0.034936
0.034983
0.035029
0.035074
0.035118
0.035161
0.035203
0.035244
0.035284
0.035323
0.035361
0.035398
0.035434
0.035469
0.035504
0.035537
0.035569
0.035601
0.035631
0.035661
0.035689
0.035717
0.035744
0.035769
0.035794
0.035818
0.035842
0.035864
0.035885
0.035906
0.035925
0.035944
0.035961
0.035978
0.035994
0.036009
0.036024
0.036037
0.03605
0.036061
0.036072
0.036082
0.036091
0.0361
0.036107
0.036114
0.03612
0.036125
0.036129
0.036132
0.036135
0.036136
0.036137
0.036137
0.036137
0.036135
0.036133
0.03613
0.036126
0.036121
0.036116
0.03611
0.036103
0.036095
0.036086
0.036077
0.036067
0.036056
0.036045
0.036032
0.036019
0.036006
0.035991
0.035976
0.03596
0.035943
0.035926
0.035907
0.035889
0.035869
0.035849
0.035828
0.035806
0.035783
0.03576
0.035736
0.035712
0.035687
0.035661
0.035634
0.035607
0.035579
0.03555
0.035521
0.035491
0.03546
0.035429
0.035397
0.035365
0.035331
0.035297
0.035263
0.035228
0.035192
0.035155
0.035118
0.03508
0.035042
0.035003
0.034963
0.034923
0.034882
0.034841
0.034799
0.034756
0.034713
0.034669
0.034624
0.034579
0.034533
0.034487
0.03444
0.034392
0.034344
0.034296
0.034247
0.034197
0.034146
0.034095
0.034044
0.033992
0.033939
0.033886
0.033832
0.033778
0.033723
0.033668
0.033612
0.033555
0.033498
0.033441
0.033382
0.033324
0.033265
0.033205
0.033145
0.033084
0.033023
0.032961
0.032899
0.032836
0.032773
0.032709
0.032644
0.03258
0.032514
0.032448
0.032382
0.032315
0.032248
0.03218
0.032112
0.032043
0.031974
0.031904
0.031834
0.031764
0.031693
0.031621
0.031549
0.031476
0.031403
0.03133
0.031256
0.031182
0.031107
0.031032
0.030956
0.03088
0.030804
0.030727
0.030649
0.030571
0.030493
0.030414
0.030335
0.030256
0.030176
0.030095
0.030015
0.029933
0.029852
0.02977
0.029687
0.029604
0.029521
0.029437
0.029353
0.029269
0.029184
0.029099
0.029013
0.028927
0.028841
0.028754
0.028667
0.028579
0.028491
0.028403
0.028315
0.028225
0.028136
0.028046
0.027956
0.027866
0.027775
0.027684
0.027592
0.0275
0.027408
0.027315
0.027222
0.027129
0.027035
0.026942
0.026847
0.026753
0.026658
0.026562
0.026467
0.026371
0.026274
0.026178
0.026081
0.025984
0.025886
0.025788
0.02569
0.025591
0.025492
0.025393
0.025294
0.025194
0.025094
0.024994
0.024893
0.024792
0.024691
0.024589
0.024488
0.024386
0.024283
0.024181
0.024078
0.023974
0.023871
0.023767
0.023663
0.023559
0.023454
0.023349
0.023244
0.023139
0.023033
0.022927
0.022821
0.022715
0.022608
0.022501
0.022394
0.022286
0.022179
0.022071
0.021962
0.021854
0.021745
0.021636
0.021527
0.021418
0.021308
0.021199
0.021088
0.020978
0.020868
0.020757
0.020646
0.020535
0.020423
0.020312
0.0202
0.020088
0.019976
0.019863
0.01975
0.019638
0.019525
0.019411
0.019298
0.019184
0.01907
0.018956
0.018842
0.018727
0.018613
0.018498
0.018383
0.018268
0.018152
0.018037
0.017921
0.017805
0.017689
0.017573
0.017456
0.017339
0.017223
0.017106
0.016988
0.016871
0.016754
0.016636
0.016518
0.0164
0.016282
0.016164
0.016046
0.015927
0.015808
0.015689
0.01557
0.015451
0.015332
0.015212
0.015093
0.014973
0.014853
0.014733
0.014613
0.014493
0.014372
0.014252
0.014131
0.01401
0.01389
0.013769
0.013647
0.013526
0.013405
0.013283
0.013162
0.01304
0.012918
0.012796
0.012674
0.012552
0.01243
0.012307
0.012185
0.012062
0.011939
0.011817
0.011694
0.011571
0.011448
0.011324
0.011201
0.011078
0.010954
0.010831
0.010707
0.010584
0.01046
0.010336
0.010212
0.010088
0.009964
0.0098399
0.0097156
0.0095913
0.009467
0.0093425
0.009218
0.0090935
0.0089688
0.0088441
0.0087194
0.0085946
0.0084697
0.0083448
0.0082198
0.0080947
0.0079696
0.0078445
0.0077193
0.0075941
0.0074688
0.0073435
0.0072181
0.0070927
0.0069672
0.0068417
0.0067162
0.0065906
0.006465
0.0063393
0.0062137
0.006088
0.0059622
0.0058365
0.0057107
0.0055849
0.005459
0.0053331
0.0052073
0.0050814
0.0049554
0.0048295
0.0047035
0.0045776
0.0044516
0.0043256
0.0041996
0.0040736
0.0039476
0.0038215
0.0036955
0.0035695
0.0034434
0.0033174
0.0031913
0.0030653
0.0029393
0.0028132
0.0026872
0.0025612
0.0024352
0.0023092
0.0021832
0.0020572
0.0019313
0.0018053
0.0016794
0.0015535
0.0014276
0.0013017
0.0011759
0.0010501
0.00092426
0.00079849
0.00067274
0.00054702
0.00042133
0.00029567
0.00017004
4.4452e-05
-8.1105e-05
-0.00020663
-0.00033211
-0.00045755
-0.00058296
-0.00070832
-0.00083364
-0.00095892
-0.0010842
-0.0012093
-0.0013345
-0.0014596
-0.0015846
-0.0017096
-0.0018345
-0.0019594
-0.0020842
-0.002209
-0.0023337
-0.0024584
-0.0025829
-0.0027075
-0.0028319
-0.0029563
-0.0030807
-0.0032049
-0.0033291
-0.0034533
-0.0035773
-0.0037013
-0.0038252
-0.0039491
-0.0040729
-0.0041965
-0.0043202
-0.0044437
-0.0045671
-0.0046905
-0.0048138
-0.004937
-0.0050601
-0.0051832
-0.0053061
-0.005429
-0.0055517
-0.0056744
-0.005797
-0.0059195
-0.0060419
-0.0061642
-0.0062864
-0.0064085
-0.0065305
-0.0066524
-0.0067742
-0.0068959
-0.0070174
-0.0071389
-0.0072603
-0.0073816
-0.0075027
-0.0076238
-0.0077447
-0.0078655
-0.0079862
-0.0081068
-0.0082273
-0.0083477
-0.0084679
-0.008588
-0.008708
-0.0088279
-0.0089477
-0.0090673
-0.0091868
-0.0093062
-0.0094254
-0.0095445
-0.0096635
-0.0097824
-0.0099011
-0.01002
-0.010138
-0.010256
-0.010375
-0.010493
-0.010611
-0.010728
-0.010846
-0.010963
-0.011081
-0.011198
-0.011315
-0.011432
-0.011549
-0.011665
-0.011782
-0.011898
-0.012014
-0.01213
-0.012246
-0.012361
-0.012477
-0.012592
-0.012708
-0.012823
-0.012937
-0.013052
-0.013167
-0.013281
-0.013395
-0.013509
-0.013623
-0.013737
-0.01385
-0.013964
-0.014077
-0.01419
-0.014303
-0.014415
-0.014528
-0.01464
-0.014752
-0.014864
-0.014976
-0.015087
-0.015199
-0.01531
-0.015421
-0.015532
-0.015642
-0.015753
-0.015863
-0.015973
-0.016083
-0.016192
-0.016302
-0.016411
-0.01652
-0.016629
-0.016738
-0.016846
-0.016954
-0.017062
-0.01717
-0.017278
-0.017385
-0.017493
-0.0176
-0.017706
-0.017813
-0.017919
-0.018025
-0.018131
-0.018237
-0.018343
-0.018448
-0.018553
-0.018658
-0.018763
-0.018867
-0.018971
-0.019075
-0.019179
-0.019282
-0.019386
-0.019489
-0.019592
-0.019694
-0.019796
-0.019899
-0.02
-0.020102
-0.020204
-0.020305
-0.020406
-0.020506
-0.020607
-0.020707
-0.020807
-0.020907
-0.021006
-0.021106
-0.021205
-0.021303
-0.021402
-0.0215
-0.021598
-0.021696
-0.021793
-0.021891
-0.021988
-0.022084
-0.022181
-0.022277
-0.022373
-0.022469
-0.022564
-0.022659
-0.022754
-0.022849
-0.022943
-0.023037
-0.023131
-0.023225
-0.023318
-0.023411
-0.023504
-0.023596
-0.023689
-0.023781
-0.023872
-0.023964
-0.024055
-0.024146
-0.024236
-0.024326
-0.024416
-0.024506
-0.024595
-0.024685
-0.024773
-0.024862
-0.02495
-0.025038
-0.025126
-0.025213
-0.0253
-0.025387
-0.025474
-0.02556
-0.025646
-0.025732
-0.025817
-0.025902
-0.025987
-0.026071
-0.026155
-0.026239
-0.026323
-0.026406
-0.026489
-0.026571
-0.026654
-0.026736
-0.026817
-0.026899
-0.02698
-0.02706
-0.027141
-0.027221
-0.027301
-0.02738
-0.027459
-0.027538
-0.027617
-0.027695
-0.027773
-0.02785
-0.027927
-0.028004
-0.028081
-0.028157
-0.028233
-0.028309
-0.028384
-0.028459
-0.028533
-0.028608
-0.028681
-0.028755
-0.028828
-0.028901
-0.028974
-0.029046
-0.029118
-0.029189
-0.029261
-0.029331
-0.029402
-0.029472
-0.029542
-0.029611
-0.02968
-0.029749
-0.029818
-0.029886
-0.029953
-0.030021
-0.030088
-0.030154
-0.030221
-0.030287
-0.030352
-0.030417
-0.030482
-0.030547
-0.030611
-0.030675
-0.030738
-0.030801
-0.030864
-0.030926
-0.030988
-0.03105
-0.031111
-0.031172
-0.031232
-0.031292
-0.031352
-0.031411
-0.03147
-0.031529
-0.031587
-0.031645
-0.031702
-0.031759
-0.031816
-0.031872
-0.031928
-0.031984
-0.032039
-0.032093
-0.032148
-0.032202
-0.032255
-0.032309
-0.032361
-0.032414
-0.032466
-0.032517
-0.032569
-0.032619
-0.03267
-0.03272
-0.03277
-0.032819
-0.032868
-0.032916
-0.032964
-0.033012
-0.033059
-0.033106
-0.033152
-0.033198
-0.033244
-0.033289
-0.033334
-0.033378
-0.033422
-0.033465
-0.033509
-0.033551
-0.033594
-0.033635
-0.033677
-0.033718
-0.033758
-0.033799
-0.033838
-0.033878
-0.033917
-0.033955
-0.033993
-0.034031
-0.034068
-0.034105
-0.034141
-0.034177
-0.034212
-0.034247
-0.034282
-0.034316
-0.03435
-0.034383
-0.034416
-0.034449
-0.034481
-0.034512
-0.034543
-0.034574
-0.034604
-0.034634
-0.034663
-0.034692
-0.03472
-0.034748
-0.034776
-0.034803
-0.03483
-0.034856
-0.034882
-0.034907
-0.034932
-0.034956
-0.03498
-0.035003
-0.035026
-0.035049
-0.035071
-0.035093
-0.035114
-0.035134
-0.035155
-0.035174
-0.035194
-0.035212
-0.035231
-0.035249
-0.035266
-0.035283
-0.035299
-0.035315
-0.035331
-0.035346
-0.035361
-0.035375
-0.035388
-0.035401
-0.035414
-0.035426
-0.035438
-0.035449
-0.03546
-0.03547
-0.03548
-0.035489
-0.035498
-0.035506
-0.035514
-0.035521
-0.035528
-0.035535
-0.03554
-0.035546
-0.035551
-0.035555
-0.035559
-0.035562
-0.035565
-0.035567
-0.035569
-0.035571
-0.035571
-0.035572
-0.035572
-0.035571
-0.03557
-0.035568
-0.035566
-0.035563
-0.03556
-0.035556
-0.035552
-0.035548
-0.035542
-0.035537
-0.03553
-0.035524
-0.035516
-0.035508
-0.0355
-0.035491
-0.035482
-0.035472
-0.035462
-0.035451
-0.035439
-0.035427
-0.035415
-0.035402
-0.035388
-0.035374
-0.035359
-0.035344
-0.035328
-0.035312
-0.035295
-0.035278
-0.03526
-0.035242
-0.035223
-0.035204
-0.035184
-0.035163
-0.035142
-0.03512
-0.035098
-0.035075
-0.035052
-0.035028
-0.035004
-0.034979
-0.034954
-0.034928
-0.034901
-0.034874
-0.034847
-0.034818
-0.03479
-0.03476
-0.03473
-0.0347
-0.034669
-0.034638
-0.034605
-0.034573
-0.03454
-0.034506
-0.034471
-0.034437
-0.034401
-0.034365
-0.034328
-0.034291
-0.034254
-0.034215
-0.034176
-0.034137
-0.034097
-0.034056
-0.034015
-0.033973
